0 0 0
2.0008 0 0
4.0016 0 0
6.0024 0 0
8.0032 0 0
10.004 0 0
12.0048 0 0
14.0056 0 0
16.0064 0 0
18.0072 0 0
20.008 0 0
22.0088 0 0
24.0096 0 0
26.0104 0 0
28.0112 0 0
30.012 0 0
32.0128 0 0
34.0136 0 0
36.0144 0 0
38.0152 0 0
40.016 0 0
42.0168 0 0
44.0176 0 0
46.0184 0 0
48.0192 0 0
50.02 0 0
52.0208 0 0
54.0216 0 0
56.0224 0 0
58.0232 0 0
60.024 0 0
62.0248 0 0
64.0256 0 0
66.0264 0 0
68.0272 0 0
70.028 0 0
72.0288 0 0
74.0296 0 0
76.0304 0 0
78.0312 0 0
80.032 0 0
82.0328 0 0
84.0336 0 0
86.0344 0 0
88.0352 0 0
90.036 0 0
92.0368 0 0
94.0376 0 0
96.0384 0 0
98.0392 0 0
100.04 0 0
102.041 0 0
104.042 0 0
106.042 0 0
108.043 0 0
110.044 0 0
112.045 0 0
114.046 0 0
116.046 0 0
118.047 0 0
120.048 0 0
122.049 0 0
124.05 0 0
126.05 0 0
128.051 0 0
130.052 0 0
132.053 0 0
134.054 0 0
136.054 0 0
138.055 0 0
140.056 0 0
142.057 0 0
144.058 0 0
146.058 0 0
148.059 0 0
150.06 0 0
152.061 0 0
154.062 0 0
156.062 0 0
158.063 0 0
160.064 0 0
162.065 0 0
164.066 0 0
166.066 0 0
168.067 0 0
170.068 0 0
172.069 0 0
174.07 0 0
176.07 0 0
178.071 0 0
180.072 0 0
182.073 0 0
184.074 0 0
186.074 0 0
188.075 0 0
190.076 0 0
192.077 0 0
194.078 0 0
196.078 0 0
198.079 0 0
200.08 0 0
202.081 0 0
204.082 0 0
206.082 0 0
208.083 0 0
210.084 0 0
212.085 0 0
214.086 0 0
216.086 0 0
218.087 0 0
220.088 0 0
222.089 0 0
224.09 0 0
226.09 0 0
228.091 0 0
230.092 0 0
232.093 0 0
234.094 0 0
236.094 0 0
238.095 0 0
240.096 0 0
242.097 0 0
244.098 0 0
246.098 0 0
248.099 0 0
250.1 0 0
252.101 0 0
254.102 0 0
256.102 0 0
258.103 0 0
260.104 0 0
262.105 0 0
264.106 0 0
266.106 0 0
268.107 0 0
270.108 0 0
272.109 0 0
274.11 0 0
276.11 0 0
278.111 0 0
280.112 0 0
282.113 0 0
284.114 0 0
286.114 0 0
288.115 0 0
290.116 0 0
292.117 0 0
294.118 0 0
296.118 0 0
298.119 0 0
300.12 0 0
302.121 0 0
304.122 0 0
306.122 0 0
308.123 0 0
310.124 0 0
312.125 0 0
314.126 0 0
316.126 0 0
318.127 0 0
320.128 0 0
322.129 0 0
324.13 0 0
326.13 0 0
328.131 0 0
330.132 0 0
332.133 0 0
334.134 0 0
336.134 0 0
338.135 0 0
340.136 0 0
342.137 0 0
344.138 0 0
346.138 0 0
348.139 0 0
350.14 0 0
352.141 0 0
354.142 0 0
356.142 0 0
358.143 0 0
360.144 0 0
362.145 0 0
364.146 0 0
366.146 0 0
368.147 0 0
370.148 0 0
372.149 0 0
374.15 0 0
376.15 0 0
378.151 0 0
380.152 0 0
382.153 0 0
384.154 0 0
386.154 0 0
388.155 0 0
390.156 0 0
392.157 0 0
394.158 0 0
396.158 0 0
398.159 0 0
400.16 0 0
402.161 0 0
404.162 0 0
406.162 0 0
408.163 0 0
410.164 0 0
412.165 0 0
414.166 0 0
416.166 0 0
418.167 0 0
420.168 0 0
422.169 0 0
424.17 0 0
426.17 0 0
428.171 0 0
430.172 0 0
432.173 0 0
434.174 0 0
436.174 0 0
438.175 0 0
440.176 0 0
442.177 0 0
444.178 0 0
446.178 0 0
448.179 0 0
450.18 0 0
452.181 0 0
454.182 0 0
456.182 0 0
458.183 0 0
460.184 0 0
462.185 0 0
464.186 0 0
466.186 0 0
468.187 0 0
470.188 0 0
472.189 0 0
474.19 0 0
476.19 0 0
478.191 0 0
480.192 0 0
482.193 0 0
484.194 0 0
486.194 0 0
488.195 0 0
490.196 0 0
492.197 0 0
494.198 0 0
496.198 0 0
498.199 0 0
500.2 0 0
502.201 0 0
504.202 0 0
506.202 0 0
508.203 0 0
510.204 0 0
512.205 0 0
514.206 0 0
516.206 0 0
518.207 0 0
520.208 0 0
522.209 0 0
524.21 0 0
526.21 0 0
528.211 0 0
530.212 0 0
532.213 0 0
534.214 0 0
536.214 0 0
538.215 0 0
540.216 0 0
542.217 0 0
544.218 0 0
546.218 0 0
548.219 0 0
550.22 0 0
552.221 0 0
554.222 0 0
556.222 0 0
558.223 0 0
560.224 0 0
562.225 0 0
564.226 0 0
566.226 0 0
568.227 0 0
570.228 0 0
572.229 0 0
574.23 0 0
576.23 0 0
578.231 0 0
580.232 0 0
582.233 0 0
584.234 0 0
586.234 0 0
588.235 0 0
590.236 0 0
592.237 0 0
594.238 0 0
596.238 0 0
598.239 0 0
600.24 0 0
602.241 0 0
604.242 0 0
606.242 0 0
608.243 0 0
610.244 0 0
612.245 0 0
614.246 0 0
616.246 0 0
618.247 0 0
620.248 0 0
622.249 0 0
624.25 0 0
626.25 0 0
628.251 0 0
630.252 0 0
632.253 0 0
634.254 0 0
636.254 0 0
638.255 0 0
640.256 0 0
642.257 0 0
644.258 0 0
646.258 0 0
648.259 0 0
650.26 0 0
652.261 0 0
654.262 0 0
656.262 0 0
658.263 0 0
660.264 0 0
662.265 0 0
664.266 0 0
666.266 0 0
668.267 0 0
670.268 0 0
672.269 0 0
674.27 0 0
676.27 0 0
678.271 0 0
680.272 0 0
682.273 0 0
684.274 0 0
686.274 0 0
688.275 0 0
690.276 0 0
692.277 0 0
694.278 0 0
696.278 0 0
698.279 0 0
700.28 0 0
702.281 0 0
704.282 0 0
706.282 0 0
708.283 0 0
710.284 0 0
712.285 0 0
714.286 0 0
716.286 0 0
718.287 0 0
720.288 0 0
722.289 0 0
724.29 0 0
726.29 0 0
728.291 0 0
730.292 0 0
732.293 0 0
734.294 0 0
736.294 0 0
738.295 0 0
740.296 0 0
742.297 0 0
744.298 0 0
746.298 0 0
748.299 0 0
750.3 0 0
752.301 0 0
754.302 0 0
756.302 0 0
758.303 0 0
760.304 0 0
762.305 0 0
764.306 0 0
766.306 0 0
768.307 0 0
770.308 0 0
772.309 0 0
774.31 0 0
776.31 0 0
778.311 0 0
780.312 0 0
782.313 0 0
784.314 0 0
786.314 0 0
788.315 0 0
790.316 0 0
792.317 0 0
794.318 0 0
796.318 0 0
798.319 0 0
800.32 0 0
802.321 0 0
804.322 0 0
806.322 0 0
808.323 0 0
810.324 0 0
812.325 0 0
814.326 0 0
816.326 0 0
818.327 0 0
820.328 0 0
822.329 0 0
824.33 0 0
826.33 0 0
828.331 0 0
830.332 0 0
832.333 0 0
834.334 0 0
836.334 0 0
838.335 0 0
840.336 0 0
842.337 0 0
844.338 0 0
846.338 0 0
848.339 0 0
850.34 0 0
852.341 0 0
854.342 0 0
856.342 0 0
858.343 0 0
860.344 0 0
862.345 0 0
864.346 0 0
866.346 0 0
868.347 0 0
870.348 0 0
872.349 0 0
874.35 0 0
876.35 0 0
878.351 0 0
880.352 0 0
882.353 0 0
884.354 0 0
886.354 0 0
888.355 0 0
890.356 0 0
892.357 0 0
894.358 0 0
896.358 0 0
898.359 0 0
900.36 0 0
902.361 0 0
904.362 0 0
906.362 0 0
908.363 0 0
910.364 0 0
912.365 0 0
914.366 0 0
916.366 0 0
918.367 0 0
920.368 0 0
922.369 0 0
924.37 0 0
926.37 0 0
928.371 0 0
930.372 0 0
932.373 0 0
934.374 0 0
936.374 0 0
938.375 0 0
940.376 0 0
942.377 0 0
944.378 0 0
946.378 0 0
948.379 0 0
950.38 0 0
952.381 0 0
954.382 0 0
956.382 0 0
958.383 0 0
960.384 0 0
962.385 0 0
964.386 0 0
966.386 0 0
968.387 0 0
970.388 0 0
972.389 0 0
974.39 0 0
976.39 0 0
978.391 0 0
980.392 0 0
982.393 0 0
984.394 0 0
986.394 0 0
988.395 0 0
990.396 0 0
992.397 0 0
994.398 0 0
996.398 0 0
998.399 0 0
1000.4 0 0
1002.4 0 0
1004.4 0 0
1006.4 0 0
1008.4 0 0
1010.4 0 0
1012.4 0 0
1014.41 0 0
1016.41 0 0
1018.41 0 0
1020.41 0 0
1022.41 0 0
1024.41 0 0
1026.41 0 0
1028.41 0 0
1030.41 0 0
1032.41 0 0
1034.41 0 0
1036.41 0 0
1038.42 0 0
1040.42 0 0
1042.42 0 0
1044.42 0 0
1046.42 0 0
1048.42 0 0
1050.42 0 0
1052.42 0 0
1054.42 0 0
1056.42 0 0
1058.42 0 0
1060.42 0 0
1062.42 0 0
1064.43 0 0
1066.43 0 0
1068.43 0 0
1070.43 0 0
1072.43 0 0
1074.43 0 0
1076.43 0 0
1078.43 0 0
1080.43 0 0
1082.43 0 0
1084.43 0 0
1086.43 0 0
1088.44 0 0
1090.44 0 0
1092.44 0 0
1094.44 0 0
1096.44 0 0
1098.44 0 0
1100.44 0 0
1102.44 0 0
1104.44 0 0
1106.44 0 0
1108.44 0 0
1110.44 0 0
1112.44 0 0
1114.45 0 0
1116.45 0 0
1118.45 0 0
1120.45 0 0
1122.45 0 0
1124.45 0 0
1126.45 0 0
1128.45 0 0
1130.45 0 0
1132.45 0 0
1134.45 0 0
1136.45 0 0
1138.46 0 0
1140.46 0 0
1142.46 0 0
1144.46 0 0
1146.46 0 0
1148.46 0 0
1150.46 0 0
1152.46 0 0
1154.46 0 0
1156.46 0 0
1158.46 0 0
1160.46 0 0
1162.46 0 0
1164.47 0 0
1166.47 0 0
1168.47 0 0
1170.47 0 0
1172.47 0 0
1174.47 0 0
1176.47 0 0
1178.47 0 0
1180.47 0 0
1182.47 0 0
1184.47 0 0
1186.47 0 0
1188.48 0 0
1190.48 0 0
1192.48 0 0
1194.48 0 0
1196.48 0 0
1198.48 0 0
1200.48 0 0
1202.48 0 0
1204.48 0 0
1206.48 0 0
1208.48 0 0
1210.48 0 0
1212.48 0 0
1214.49 0 0
1216.49 0 0
1218.49 0 0
1220.49 0 0
1222.49 0 0
1224.49 0 0
1226.49 0 0
1228.49 0 0
1230.49 0 0
1232.49 0 0
1234.49 0 0
1236.49 0 0
1238.5 0 0
1240.5 0 0
1242.5 0 0
1244.5 0 0
1246.5 0 0
1248.5 0 0
1250.5 0 0
1252.5 0 0
1254.5 0 0
1256.5 0 0
1258.5 0 0
1260.5 0 0
1262.5 0 0
1264.51 0 0
1266.51 0 0
1268.51 0 0
1270.51 0 0
1272.51 0 0
1274.51 0 0
1276.51 0 0
1278.51 0 0
1280.51 0 0
1282.51 0 0
1284.51 0 0
1286.51 0 0
1288.52 0 0
1290.52 0 0
1292.52 0 0
1294.52 0 0
1296.52 0 0
1298.52 0 0
1300.52 0 0
1302.52 0 0
1304.52 0 0
1306.52 0 0
1308.52 0 0
1310.52 0 0
1312.52 0 0
1314.53 0 0
1316.53 0 0
1318.53 0 0
1320.53 0 0
1322.53 0 0
1324.53 0 0
1326.53 0 0
1328.53 0 0
1330.53 0 0
1332.53 0 0
1334.53 0 0
1336.53 0 0
1338.54 0 0
1340.54 0 0
1342.54 0 0
1344.54 0 0
1346.54 0 0
1348.54 0 0
1350.54 0 0
1352.54 0 0
1354.54 0 0
1356.54 0 0
1358.54 0 0
1360.54 0 0
1362.54 0 0
1364.55 0 0
1366.55 0 0
1368.55 0 0
1370.55 0 0
1372.55 0 0
1374.55 0 0
1376.55 0 0
1378.55 0 0
1380.55 0 0
1382.55 0 0
1384.55 0 0
1386.55 0 0
1388.56 0 0
1390.56 0 0
1392.56 0 0
1394.56 0 0
1396.56 0 0
1398.56 0 0
1400.56 0 0
1402.56 0 0
1404.56 0 0
1406.56 0 0
1408.56 0 0
1410.56 0 0
1412.56 0 0
1414.57 0 0
1416.57 0 0
1418.57 0 0
1420.57 0 0
1422.57 0 0
1424.57 0 0
1426.57 0 0
1428.57 0 0
1430.57 0 0
1432.57 0 0
1434.57 0 0
1436.57 0 0
1438.58 0 0
1440.58 0 0
1442.58 0 0
1444.58 0 0
1446.58 0 0
1448.58 0 0
1450.58 0 0
1452.58 0 0
1454.58 0 0
1456.58 0 0
1458.58 0 0
1460.58 0 0
1462.58 0 0
1464.59 0 0
1466.59 0 0
1468.59 0 0
1470.59 0 0
1472.59 0 0
1474.59 0 0
1476.59 0 0
1478.59 0 0
1480.59 0 0
1482.59 0 0
1484.59 0 0
1486.59 0 0
1488.6 0 0
1490.6 0 0
1492.6 0 0
1494.6 0 0
1496.6 0 0
1498.6 0 0
1500.6 0 0
1502.6 0 0
1504.6 0 0
1506.6 0 0
1508.6 0 0
1510.6 0 0
1512.6 0 0
1514.61 0 0
1516.61 0 0
1518.61 0 0
1520.61 0 0
1522.61 0 0
1524.61 0 0
1526.61 0 0
1528.61 0 0
1530.61 0 0
1532.61 0 0
1534.61 0 0
1536.61 0 0
1538.62 0 0
1540.62 0 0
1542.62 0 0
1544.62 0 0
1546.62 0 0
1548.62 0 0
1550.62 0 0
1552.62 0 0
1554.62 0 0
1556.62 0 0
1558.62 0 0
1560.62 0 0
1562.62 0 0
1564.63 0 0
1566.63 0 0
1568.63 0 0
1570.63 0 0
1572.63 0 0
1574.63 0 0
1576.63 0 0
1578.63 0 0
1580.63 0 0
1582.63 0 0
1584.63 0 0
1586.63 0 0
1588.64 0 0
1590.64 0 0
1592.64 0 0
1594.64 0 0
1596.64 0 0
1598.64 0 0
1600.64 0 0
1602.64 0 0
1604.64 0 0
1606.64 0 0
1608.64 0 0
1610.64 0 0
1612.64 0 0
1614.65 0 0
1616.65 0 0
1618.65 0 0
1620.65 0 0
1622.65 0 0
1624.65 0 0
1626.65 0 0
1628.65 0 0
1630.65 0 0
1632.65 0 0
1634.65 0 0
1636.65 0 0
1638.66 0 0
1640.66 0 0
1642.66 0 0
1644.66 0 0
1646.66 0 0
1648.66 0 0
1650.66 0 0
1652.66 0 0
1654.66 0 0
1656.66 0 0
1658.66 0 0
1660.66 0 0
1662.66 0 0
1664.67 0 0
1666.67 0 0
1668.67 0 0
1670.67 0 0
1672.67 0 0
1674.67 0 0
1676.67 0 0
1678.67 0 0
1680.67 0 0
1682.67 0 0
1684.67 0 0
1686.67 0 0
1688.68 0 0
1690.68 0 0
1692.68 0 0
1694.68 0 0
1696.68 0 0
1698.68 0 0
1700.68 0 0
1702.68 0 0
1704.68 0 0
1706.68 0 0
1708.68 0 0
1710.68 0 0
1712.68 0 0
1714.69 0 0
1716.69 0 0
1718.69 0 0
1720.69 0 0
1722.69 0 0
1724.69 0 0
1726.69 0 0
1728.69 0 0
1730.69 0 0
1732.69 0 0
1734.69 0 0
1736.69 0 0
1738.7 0 0
1740.7 0 0
1742.7 0 0
1744.7 0 0
1746.7 0 0
1748.7 0 0
1750.7 0 0
1752.7 0 0
1754.7 0 0
1756.7 0 0
1758.7 0 0
1760.7 0 0
1762.7 0 0
1764.71 0 0
1766.71 0 0
1768.71 0 0
1770.71 0 0
1772.71 0 0
1774.71 0 0
1776.71 0 0
1778.71 0 0
1780.71 0 0
1782.71 0 0
1784.71 0 0
1786.71 0 0
1788.72 0 0
1790.72 0 0
1792.72 0 0
1794.72 0 0
1796.72 0 0
1798.72 0 0
1800.72 0 0
1802.72 0 0
1804.72 0 0
1806.72 0 0
1808.72 0 0
1810.72 0 0
1812.72 0 0
1814.73 0 0
1816.73 0 0
1818.73 0 0
1820.73 0 0
1822.73 0 0
1824.73 0 0
1826.73 0 0
1828.73 0 0
1830.73 0 0
1832.73 0 0
1834.73 0 0
1836.73 0 0
1838.74 0 0
1840.74 0 0
1842.74 0 0
1844.74 0 0
1846.74 0 0
1848.74 0 0
1850.74 0 0
1852.74 0 0
1854.74 0 0
1856.74 0 0
1858.74 0 0
1860.74 0 0
1862.74 0 0
1864.75 0 0
1866.75 0 0
1868.75 0 0
1870.75 0 0
1872.75 0 0
1874.75 0 0
1876.75 0 0
1878.75 0 0
1880.75 0 0
1882.75 0 0
1884.75 0 0
1886.75 0 0
1888.76 0 0
1890.76 0 0
1892.76 0 0
1894.76 0 0
1896.76 0 0
1898.76 0 0
1900.76 0 0
1902.76 0 0
1904.76 0 0
1906.76 0 0
1908.76 0 0
1910.76 0 0
1912.76 0 0
1914.77 0 0
1916.77 0 0
1918.77 0 0
1920.77 0 0
1922.77 0 0
1924.77 0 0
1926.77 0 0
1928.77 0 0
1930.77 0 0
1932.77 0 0
1934.77 0 0
1936.77 0 0
1938.78 0 0
1940.78 0 0
1942.78 0 0
1944.78 0 0
1946.78 0 0
1948.78 0 0
1950.78 0 0
1952.78 0 0
1954.78 0 0
1956.78 0 0
1958.78 0 0
1960.78 0 0
1962.78 0 0
1964.79 0 0
1966.79 0 0
1968.79 0 0
1970.79 0 0
1972.79 0 0
1974.79 0 0
1976.79 0 0
1978.79 0 0
1980.79 0 0
1982.79 0 0
1984.79 0 0
1986.79 0 0
1988.8 0 0
1990.8 0 0
1992.8 0 0
1994.8 0 0
1996.8 0 0
1998.8 0 0
2000.8 0 0
2002.8 0 0
2004.8 0 0
2006.8 0 0
2008.8 0 0
2010.8 0 0
2012.8 0 0
2014.81 0 0
2016.81 0 0
2018.81 0 0
2020.81 0 0
2022.81 0 0
2024.81 0 0
2026.81 0 0
2028.81 0 0
2030.81 0 0
2032.81 0 0
2034.81 0 0
2036.81 0 0
2038.82 0 0
2040.82 0 0
2042.82 0 0
2044.82 0 0
2046.82 0 0
2048.82 0 0
2050.82 0 0
2052.82 0 0
2054.82 0 0
2056.82 0 0
2058.82 0 0
2060.82 0 0
2062.82 0 0
2064.83 0 0
2066.83 0 0
2068.83 0 0
2070.83 0 0
2072.83 0 0
2074.83 0 0
2076.83 0 0
2078.83 0 0
2080.83 0 0
2082.83 0 0
2084.83 0 0
2086.83 0 0
2088.84 0 0
2090.84 0 0
2092.84 0 0
2094.84 0 0
2096.84 0 0
2098.84 0 0
2100.84 0 0
2102.84 0 0
2104.84 0 0
2106.84 0 0
2108.84 0 0
2110.84 0 0
2112.84 0 0
2114.85 0 0
2116.85 0 0
2118.85 0 0
2120.85 0 0
2122.85 0 0
2124.85 0 0
2126.85 0 0
2128.85 0 0
2130.85 0 0
2132.85 0 0
2134.85 0 0
2136.85 0 0
2138.86 0 0
2140.86 0 0
2142.86 0 0
2144.86 0 0
2146.86 0 0
2148.86 0 0
2150.86 0 0
2152.86 0 0
2154.86 0 0
2156.86 0 0
2158.86 0 0
2160.86 0 0
2162.86 0 0
2164.87 0 0
2166.87 0 0
2168.87 0 0
2170.87 0 0
2172.87 0 0
2174.87 0 0
2176.87 0 0
2178.87 0 0
2180.87 0 0
2182.87 0 0
2184.87 0 0
2186.87 0 0
2188.88 0 0
2190.88 0 0
2192.88 0 0
2194.88 0 0
2196.88 0 0
2198.88 0 0
2200.88 0 0
2202.88 0 0
2204.88 0 0
2206.88 0 0
2208.88 0 0
2210.88 0 0
2212.88 0 0
2214.89 0 0
2216.89 0 0
2218.89 0 0
2220.89 0 0
2222.89 0 0
2224.89 0 0
2226.89 0 0
2228.89 0 0
2230.89 0 0
2232.89 0 0
2234.89 0 0
2236.89 0 0
2238.9 0 0
2240.9 0 0
2242.9 0 0
2244.9 0 0
2246.9 0 0
2248.9 0 0
2250.9 0 0
2252.9 0 0
2254.9 0 0
2256.9 0 0
2258.9 0 0
2260.9 0 0
2262.9 0 0
2264.91 0 0
2266.91 0 0
2268.91 0 0
2270.91 0 0
2272.91 0 0
2274.91 0 0
2276.91 0 0
2278.91 0 0
2280.91 0 0
2282.91 0 0
2284.91 0 0
2286.91 0 0
2288.92 0 0
2290.92 0 0
2292.92 0 0
2294.92 0 0
2296.92 0 0
2298.92 0 0
2300.92 0 0
2302.92 0 0
2304.92 0 0
2306.92 0 0
2308.92 0 0
2310.92 0 0
2312.92 0 0
2314.93 0 0
2316.93 0 0
2318.93 0 0
2320.93 0 0
2322.93 0 0
2324.93 0 0
2326.93 0 0
2328.93 0 0
2330.93 0 0
2332.93 0 0
2334.93 0 0
2336.93 0 0
2338.94 0 0
2340.94 0 0
2342.94 0 0
2344.94 0 0
2346.94 0 0
2348.94 0 0
2350.94 0 0
2352.94 0 0
2354.94 0 0
2356.94 0 0
2358.94 0 0
2360.94 0 0
2362.94 0 0
2364.95 0 0
2366.95 0 0
2368.95 0 0
2370.95 0 0
2372.95 0 0
2374.95 0 0
2376.95 0 0
2378.95 0 0
2380.95 0 0
2382.95 0 0
2384.95 0 0
2386.95 0 0
2388.96 0 0
2390.96 0 0
2392.96 0 0
2394.96 0 0
2396.96 0 0
2398.96 0 0
2400.96 0 0
2402.96 0 0
2404.96 0 0
2406.96 0 0
2408.96 0 0
2410.96 0 0
2412.96 0 0
2414.97 0 0
2416.97 0 0
2418.97 0 0
2420.97 0 0
2422.97 0 0
2424.97 0 0
2426.97 0 0
2428.97 0 0
2430.97 0 0
2432.97 0 0
2434.97 0 0
2436.97 0 0
2438.98 0 0
2440.98 0 0
2442.98 0 0
2444.98 0 0
2446.98 0 0
2448.98 0 0
2450.98 0 0
2452.98 0 0
2454.98 0 0
2456.98 0 0
2458.98 0 0
2460.98 0 0
2462.98 0 0
2464.99 0 0
2466.99 0 0
2468.99 0 0
2470.99 0 0
2472.99 0 0
2474.99 0 0
2476.99 0 0
2478.99 0 0
2480.99 0 0
2482.99 0 0
2484.99 0 0
2486.99 0 0
2489 0 0
2491 0 0
2493 0 0
2495 0 0
2497 0 0
2499 0 0
2501 0 0
2503 0 0
2505 0 0
2507 0 0
2509 0 0
2511 0 0
2513.01 0 0
2515.01 0 0
2517.01 0 0
2519.01 0 0
2521.01 0 0
2523.01 0 0
2525.01 0 0
2527.01 0 0
2529.01 0 0
2531.01 0 0
2533.01 0 0
2535.01 0 0
2537.01 0 0
2539.02 0 0
2541.02 0 0
2543.02 0 0
2545.02 0 0
2547.02 0 0
2549.02 0 0
2551.02 0 0
2553.02 0 0
2555.02 0 0
2557.02 0 0
2559.02 0 0
2561.02 0 0
2563.03 0 0
2565.03 0 0
2567.03 0 0
2569.03 0 0
2571.03 0 0
2573.03 0 0
2575.03 0 0
2577.03 0 0
2579.03 0 0
2581.03 0 0
2583.03 0 0
2585.03 0 0
2587.03 0 0
2589.04 0 0
2591.04 0 0
2593.04 0 0
2595.04 0 0
2597.04 0 0
2599.04 0 0
2601.04 0 0
2603.04 0 0
2605.04 0 0
2607.04 0 0
2609.04 0 0
2611.04 0 0
2613.05 0 0
2615.05 0 0
2617.05 0 0
2619.05 0 0
2621.05 0 0
2623.05 0 0
2625.05 0 0
2627.05 0 0
2629.05 0 0
2631.05 0 0
2633.05 0 0
2635.05 0 0
2637.05 0 0
2639.06 0 0
2641.06 0 0
2643.06 0 0
2645.06 0 0
2647.06 0 0
2649.06 0 0
2651.06 0 0
2653.06 0 0
2655.06 0 0
2657.06 0 0
2659.06 0 0
2661.06 0 0
2663.07 0 0
2665.07 0 0
2667.07 0 0
2669.07 0 0
2671.07 0 0
2673.07 0 0
2675.07 0 0
2677.07 0 0
2679.07 0 0
2681.07 0 0
2683.07 0 0
2685.07 0 0
2687.07 0 0
2689.08 0 0
2691.08 0 0
2693.08 0 0
2695.08 0 0
2697.08 0 0
2699.08 0 0
2701.08 0 0
2703.08 0 0
2705.08 0 0
2707.08 0 0
2709.08 0 0
2711.08 0 0
2713.09 0 0
2715.09 0 0
2717.09 0 0
2719.09 0 0
2721.09 0 0
2723.09 0 0
2725.09 0 0
2727.09 0 0
2729.09 0 0
2731.09 0 0
2733.09 0 0
2735.09 0 0
2737.09 0 0
2739.1 0 0
2741.1 0 0
2743.1 0 0
2745.1 0 0
2747.1 0 0
2749.1 0 0
2751.1 0 0
2753.1 0 0
2755.1 0 0
2757.1 0 0
2759.1 0 0
2761.1 0 0
2763.11 0 0
2765.11 0 0
2767.11 0 0
2769.11 0 0
2771.11 0 0
2773.11 0 0
2775.11 0 0
2777.11 0 0
2779.11 0 0
2781.11 0 0
2783.11 0 0
2785.11 0 0
2787.11 0 0
2789.12 0 0
2791.12 0 0
2793.12 0 0
2795.12 0 0
2797.12 0 0
2799.12 0 0
2801.12 0 0
2803.12 0 0
2805.12 0 0
2807.12 0 0
2809.12 0 0
2811.12 0 0
2813.13 0 0
2815.13 0 0
2817.13 0 0
2819.13 0 0
2821.13 0 0
2823.13 0 0
2825.13 0 0
2827.13 0 0
2829.13 0 0
2831.13 0 0
2833.13 0 0
2835.13 0 0
2837.13 0 0
2839.14 0 0
2841.14 0 0
2843.14 0 0
2845.14 0 0
2847.14 0 0
2849.14 0 0
2851.14 0 0
2853.14 0 0
2855.14 0 0
2857.14 0 0
2859.14 0 0
2861.14 0 0
2863.15 0 0
2865.15 0 0
2867.15 0 0
2869.15 0 0
2871.15 0 0
2873.15 0 0
2875.15 0 0
2877.15 0 0
2879.15 0 0
2881.15 0 0
2883.15 0 0
2885.15 0 0
2887.15 0 0
2889.16 0 0
2891.16 0 0
2893.16 0 0
2895.16 0 0
2897.16 0 0
2899.16 0 0
2901.16 0 0
2903.16 0 0
2905.16 0 0
2907.16 0 0
2909.16 0 0
2911.16 0 0
2913.17 0 0
2915.17 0 0
2917.17 0 0
2919.17 0 0
2921.17 0 0
2923.17 0 0
2925.17 0 0
2927.17 0 0
2929.17 0 0
2931.17 0 0
2933.17 0 0
2935.17 0 0
2937.17 0 0
2939.18 0 0
2941.18 0 0
2943.18 0 0
2945.18 0 0
2947.18 0 0
2949.18 0 0
2951.18 0 0
2953.18 0 0
2955.18 0 0
2957.18 0 0
2959.18 0 0
2961.18 0 0
2963.19 0 0
2965.19 0 0
2967.19 0 0
2969.19 0 0
2971.19 0 0
2973.19 0 0
2975.19 0 0
2977.19 0 0
2979.19 0 0
2981.19 0 0
2983.19 0 0
2985.19 0 0
2987.19 0 0
2989.2 0 0
2991.2 0 0
2993.2 0 0
2995.2 0 0
2997.2 0 0
2999.2 0 0
3001.2 0 0
3003.2 0 0
3005.2 0 0
3007.2 0 0
3009.2 0 0
3011.2 0 0
3013.21 0 0
3015.21 0 0
3017.21 0 0
3019.21 0 0
3021.21 0 0
3023.21 0 0
3025.21 0 0
3027.21 0 0
3029.21 0 0
3031.21 0 0
3033.21 0 0
3035.21 0 0
3037.21 0 0
3039.22 0 0
3041.22 0 0
3043.22 0 0
3045.22 0 0
3047.22 0 0
3049.22 0 0
3051.22 0 0
3053.22 0 0
3055.22 0 0
3057.22 0 0
3059.22 0 0
3061.22 0 0
3063.23 0 0
3065.23 0 0
3067.23 0 0
3069.23 0 0
3071.23 0 0
3073.23 0 0
3075.23 0 0
3077.23 0 0
3079.23 0 0
3081.23 0 0
3083.23 0 0
3085.23 0 0
3087.23 0 0
3089.24 0 0
3091.24 0 0
3093.24 0 0
3095.24 0 0
3097.24 0 0
3099.24 0 0
3101.24 0 0
3103.24 0 0
3105.24 0 0
3107.24 0 0
3109.24 0 0
3111.24 0 0
3113.25 0 0
3115.25 0 0
3117.25 0 0
3119.25 0 0
3121.25 0 0
3123.25 0 0
3125.25 0 0
3127.25 0 0
3129.25 0 0
3131.25 0 0
3133.25 0 0
3135.25 0 0
3137.25 0 0
3139.26 0 0
3141.26 0 0
3143.26 0 0
3145.26 0 0
3147.26 0 0
3149.26 0 0
3151.26 0 0
3153.26 0 0
3155.26 0 0
3157.26 0 0
3159.26 0 0
3161.26 0 0
3163.27 0 0
3165.27 0 0
3167.27 0 0
3169.27 0 0
3171.27 0 0
3173.27 0 0
3175.27 0 0
3177.27 0 0
3179.27 0 0
3181.27 0 0
3183.27 0 0
3185.27 0 0
3187.27 0 0
3189.28 0 0
3191.28 0 0
3193.28 0 0
3195.28 0 0
3197.28 0 0
3199.28 0 0
3201.28 0 0
3203.28 0 0
3205.28 0 0
3207.28 0 0
3209.28 0 0
3211.28 0 0
3213.29 0 0
3215.29 0 0
3217.29 0 0
3219.29 0 0
3221.29 0 0
3223.29 0 0
3225.29 0 0
3227.29 0 0
3229.29 0 0
3231.29 0 0
3233.29 0 0
3235.29 0 0
3237.29 0 0
3239.3 0 0
3241.3 0 0
3243.3 0 0
3245.3 0 0
3247.3 0 0
3249.3 0 0
3251.3 0 0
3253.3 0 0
3255.3 0 0
3257.3 0 0
3259.3 0 0
3261.3 0 0
3263.31 0 0
3265.31 0 0
3267.31 0 0
3269.31 0 0
3271.31 0 0
3273.31 0 0
3275.31 0 0
3277.31 0 0
3279.31 0 0
3281.31 0 0
3283.31 0 0
3285.31 0 0
3287.31 0 0
3289.32 0 0
3291.32 0 0
3293.32 0 0
3295.32 0 0
3297.32 0 0
3299.32 0 0
3301.32 0 0
3303.32 0 0
3305.32 0 0
3307.32 0 0
3309.32 0 0
3311.32 0 0
3313.33 0 0
3315.33 0 0
3317.33 0 0
3319.33 0 0
3321.33 0 0
3323.33 0 0
3325.33 0 0
3327.33 0 0
3329.33 0 0
3331.33 0 0
3333.33 0 0
3335.33 0 0
3337.33 0 0
3339.34 0 0
3341.34 0 0
3343.34 0 0
3345.34 0 0
3347.34 0 0
3349.34 0 0
3351.34 0 0
3353.34 0 0
3355.34 0 0
3357.34 0 0
3359.34 0 0
3361.34 0 0
3363.35 0 0
3365.35 0 0
3367.35 0 0
3369.35 0 0
3371.35 0 0
3373.35 0 0
3375.35 0 0
3377.35 0 0
3379.35 0 0
3381.35 0 0
3383.35 0 0
3385.35 0 0
3387.35 0 0
3389.36 0 0
3391.36 0 0
3393.36 0 0
3395.36 0 0
3397.36 0 0
3399.36 0 0
3401.36 0 0
3403.36 0 0
3405.36 0 0
3407.36 0 0
3409.36 0 0
3411.36 0 0
3413.37 0 0
3415.37 0 0
3417.37 0 0
3419.37 0 0
3421.37 0 0
3423.37 0 0
3425.37 0 0
3427.37 0 0
3429.37 0 0
3431.37 0 0
3433.37 0 0
3435.37 0 0
3437.37 0 0
3439.38 0 0
3441.38 0 0
3443.38 0 0
3445.38 0 0
3447.38 0 0
3449.38 0 0
3451.38 0 0
3453.38 0 0
3455.38 0 0
3457.38 0 0
3459.38 0 0
3461.38 0 0
3463.39 0 0
3465.39 0 0
3467.39 0 0
3469.39 0 0
3471.39 0 0
3473.39 0 0
3475.39 0 0
3477.39 0 0
3479.39 0 0
3481.39 0 0
3483.39 0 0
3485.39 0 0
3487.39 0 0
3489.4 0 0
3491.4 0 0
3493.4 0 0
3495.4 0 0
3497.4 0 0
3499.4 0 0
3501.4 0 0
3503.4 0 0
3505.4 0 0
3507.4 0 0
3509.4 0 0
3511.4 0 0
3513.41 0 0
3515.41 0 0
3517.41 0 0
3519.41 0 0
3521.41 0 0
3523.41 0 0
3525.41 0 0
3527.41 0 0
3529.41 0 0
3531.41 0 0
3533.41 0 0
3535.41 0 0
3537.41 0 0
3539.42 0 0
3541.42 0 0
3543.42 0 0
3545.42 0 0
3547.42 0 0
3549.42 0 0
3551.42 0 0
3553.42 0 0
3555.42 0 0
3557.42 0 0
3559.42 0 0
3561.42 0 0
3563.43 0 0
3565.43 0 0
3567.43 0 0
3569.43 0 0
3571.43 0 0
3573.43 0 0
3575.43 0 0
3577.43 0 0
3579.43 0 0
3581.43 0 0
3583.43 0 0
3585.43 0 0
3587.43 0 0
3589.44 0 0
3591.44 0 0
3593.44 0 0
3595.44 0 0
3597.44 0 0
3599.44 0 0
3601.44 0 0
3603.44 0 0
3605.44 0 0
3607.44 0 0
3609.44 0 0
3611.44 0 0
3613.45 0 0
3615.45 0 0
3617.45 0 0
3619.45 0 0
3621.45 0 0
3623.45 0 0
3625.45 0 0
3627.45 0 0
3629.45 0 0
3631.45 0 0
3633.45 0 0
3635.45 0 0
3637.45 0 0
3639.46 0 0
3641.46 0 0
3643.46 0 0
3645.46 0 0
3647.46 0 0
3649.46 0 0
3651.46 0 0
3653.46 0 0
3655.46 0 0
3657.46 0 0
3659.46 0 0
3661.46 0 0
3663.47 0 0
3665.47 0 0
3667.47 0 0
3669.47 0 0
3671.47 0 0
3673.47 0 0
3675.47 0 0
3677.47 0 0
3679.47 0 0
3681.47 0 0
3683.47 0 0
3685.47 0 0
3687.47 0 0
3689.48 0 0
3691.48 0 0
3693.48 0 0
3695.48 0 0
3697.48 0 0
3699.48 0 0
3701.48 0 0
3703.48 0 0
3705.48 0 0
3707.48 0 0
3709.48 0 0
3711.48 0 0
3713.49 0 0
3715.49 0 0
3717.49 0 0
3719.49 0 0
3721.49 0 0
3723.49 0 0
3725.49 0 0
3727.49 0 0
3729.49 0 0
3731.49 0 0
3733.49 0 0
3735.49 0 0
3737.49 0 0
3739.5 0 0
3741.5 0 0
3743.5 0 0
3745.5 0 0
3747.5 0 0
3749.5 0 0
3751.5 0 0
3753.5 0 0
3755.5 0 0
3757.5 0 0
3759.5 0 0
3761.5 0 0
3763.51 0 0
3765.51 0 0
3767.51 0 0
3769.51 0 0
3771.51 0 0
3773.51 0 0
3775.51 0 0
3777.51 0 0
3779.51 0 0
3781.51 0 0
3783.51 0 0
3785.51 0 0
3787.51 0 0
3789.52 0 0
3791.52 0 0
3793.52 0 0
3795.52 0 0
3797.52 0 0
3799.52 0 0
3801.52 0 0
3803.52 0 0
3805.52 0 0
3807.52 0 0
3809.52 0 0
3811.52 0 0
3813.53 0 0
3815.53 0 0
3817.53 0 0
3819.53 0 0
3821.53 0 0
3823.53 0 0
3825.53 0 0
3827.53 0 0
3829.53 0 0
3831.53 0 0
3833.53 0 0
3835.53 0 0
3837.53 0 0
3839.54 0 0
3841.54 0 0
3843.54 0 0
3845.54 0 0
3847.54 0 0
3849.54 0 0
3851.54 0 0
3853.54 0 0
3855.54 0 0
3857.54 0 0
3859.54 0 0
3861.54 0 0
3863.55 0 0
3865.55 0 0
3867.55 0 0
3869.55 0 0
3871.55 0 0
3873.55 0 0
3875.55 0 0
3877.55 0 0
3879.55 0 0
3881.55 0 0
3883.55 0 0
3885.55 0 0
3887.55 0 0
3889.56 0 0
3891.56 0 0
3893.56 0 0
3895.56 0 0
3897.56 0 0
3899.56 0 0
3901.56 0 0
3903.56 0 0
3905.56 0 0
3907.56 0 0
3909.56 0 0
3911.56 0 0
3913.57 0 0
3915.57 0 0
3917.57 0 0
3919.57 0 0
3921.57 0 0
3923.57 0 0
3925.57 0 0
3927.57 0 0
3929.57 0 0
3931.57 0 0
3933.57 0 0
3935.57 0 0
3937.57 0 0
3939.58 0 0
3941.58 0 0
3943.58 0 0
3945.58 0 0
3947.58 0 0
3949.58 0 0
3951.58 0 0
3953.58 0 0
3955.58 0 0
3957.58 0 0
3959.58 0 0
3961.58 0 0
3963.59 0 0
3965.59 0 0
3967.59 0 0
3969.59 0 0
3971.59 0 0
3973.59 0 0
3975.59 0 0
3977.59 0 0
3979.59 0 0
3981.59 0 0
3983.59 0 0
3985.59 0 0
3987.59 0 0
3989.6 0 0
3991.6 0 0
3993.6 0 0
3995.6 0 0
3997.6 0 0
3999.6 0 0
4001.6 0 0
4003.6 0 0
4005.6 0 0
4007.6 0 0
4009.6 0 0
4011.6 0 0
4013.61 0 0
4015.61 0 0
4017.61 0 0
4019.61 0 0
4021.61 0 0
4023.61 0 0
4025.61 0 0
4027.61 0 0
4029.61 0 0
4031.61 0 0
4033.61 0 0
4035.61 0 0
4037.61 0 0
4039.62 0 0
4041.62 0 0
4043.62 0 0
4045.62 0 0
4047.62 0 0
4049.62 0 0
4051.62 0 0
4053.62 0 0
4055.62 0 0
4057.62 0 0
4059.62 0 0
4061.62 0 0
4063.63 0 0
4065.63 0 0
4067.63 0 0
4069.63 0 0
4071.63 0 0
4073.63 0 0
4075.63 0 0
4077.63 0 0
4079.63 0 0
4081.63 0 0
4083.63 0 0
4085.63 0 0
4087.63 0 0
4089.64 0 0
4091.64 0 0
4093.64 0 0
4095.64 0 0
4097.64 0 0
4099.64 0 0
4101.64 0 0
4103.64 0 0
4105.64 0 0
4107.64 0 0
4109.64 0 0
4111.64 0 0
4113.65 0 0
4115.65 0 0
4117.65 0 0
4119.65 0 0
4121.65 0 0
4123.65 0 0
4125.65 0 0
4127.65 0 0
4129.65 0 0
4131.65 0 0
4133.65 0 0
4135.65 0 0
4137.65 0 0
4139.66 0 0
4141.66 0 0
4143.66 0 0
4145.66 0 0
4147.66 0 0
4149.66 0 0
4151.66 0 0
4153.66 0 0
4155.66 0 0
4157.66 0 0
4159.66 0 0
4161.66 0 0
4163.67 0 0
4165.67 0 0
4167.67 0 0
4169.67 0 0
4171.67 0 0
4173.67 0 0
4175.67 0 0
4177.67 0 0
4179.67 0 0
4181.67 0 0
4183.67 0 0
4185.67 0 0
4187.67 0 0
4189.68 0 0
4191.68 0 0
4193.68 0 0
4195.68 0 0
4197.68 0 0
4199.68 0 0
4201.68 0 0
4203.68 0 0
4205.68 0 0
4207.68 0 0
4209.68 0 0
4211.68 0 0
4213.69 0 0
4215.69 0 0
4217.69 0 0
4219.69 0 0
4221.69 0 0
4223.69 0 0
4225.69 0 0
4227.69 0 0
4229.69 0 0
4231.69 0 0
4233.69 0 0
4235.69 0 0
4237.69 0 0
4239.7 0 0
4241.7 0 0
4243.7 0 0
4245.7 0 0
4247.7 0 0
4249.7 0 0
4251.7 0 0
4253.7 0 0
4255.7 0 0
4257.7 0 0
4259.7 0 0
4261.7 0 0
4263.71 0 0
4265.71 0 0
4267.71 0 0
4269.71 0 0
4271.71 0 0
4273.71 0 0
4275.71 0 0
4277.71 0 0
4279.71 0 0
4281.71 0 0
4283.71 0 0
4285.71 0 0
4287.71 0 0
4289.72 0 0
4291.72 0 0
4293.72 0 0
4295.72 0 0
4297.72 0 0
4299.72 0 0
4301.72 0 0
4303.72 0 0
4305.72 0 0
4307.72 0 0
4309.72 0 0
4311.72 0 0
4313.73 0 0
4315.73 0 0
4317.73 0 0
4319.73 0 0
4321.73 0 0
4323.73 0 0
4325.73 0 0
4327.73 0 0
4329.73 0 0
4331.73 0 0
4333.73 0 0
4335.73 0 0
4337.73 0 0
4339.74 0 0
4341.74 0 0
4343.74 0 0
4345.74 0 0
4347.74 0 0
4349.74 0 0
4351.74 0 0
4353.74 0 0
4355.74 0 0
4357.74 0 0
4359.74 0 0
4361.74 0 0
4363.75 0 0
4365.75 0 0
4367.75 0 0
4369.75 0 0
4371.75 0 0
4373.75 0 0
4375.75 0 0
4377.75 0 0
4379.75 0 0
4381.75 0 0
4383.75 0 0
4385.75 0 0
4387.75 0 0
4389.76 0 0
4391.76 0 0
4393.76 0 0
4395.76 0 0
4397.76 0 0
4399.76 0 0
4401.76 0 0
4403.76 0 0
4405.76 0 0
4407.76 0 0
4409.76 0 0
4411.76 0 0
4413.77 0 0
4415.77 0 0
4417.77 0 0
4419.77 0 0
4421.77 0 0
4423.77 0 0
4425.77 0 0
4427.77 0 0
4429.77 0 0
4431.77 0 0
4433.77 0 0
4435.77 0 0
4437.77 0 0
4439.78 0 0
4441.78 0 0
4443.78 0 0
4445.78 0 0
4447.78 0 0
4449.78 0 0
4451.78 0 0
4453.78 0 0
4455.78 0 0
4457.78 0 0
4459.78 0 0
4461.78 0 0
4463.79 0 0
4465.79 0 0
4467.79 0 0
4469.79 0 0
4471.79 0 0
4473.79 0 0
4475.79 0 0
4477.79 0 0
4479.79 0 0
4481.79 0 0
4483.79 0 0
4485.79 0 0
4487.79 0 0
4489.8 0 0
4491.8 0 0
4493.8 0 0
4495.8 0 0
4497.8 0 0
4499.8 0 0
4501.8 0 0
4503.8 0 0
4505.8 0 0
4507.8 0 0
4509.8 0 0
4511.8 0 0
4513.81 0 0
4515.81 0 0
4517.81 0 0
4519.81 0 0
4521.81 0 0
4523.81 0 0
4525.81 0 0
4527.81 0 0
4529.81 0 0
4531.81 0 0
4533.81 0 0
4535.81 0 0
4537.81 0 0
4539.82 0 0
4541.82 0 0
4543.82 0 0
4545.82 0 0
4547.82 0 0
4549.82 0 0
4551.82 0 0
4553.82 0 0
4555.82 0 0
4557.82 0 0
4559.82 0 0
4561.82 0 0
4563.83 0 0
4565.83 0 0
4567.83 0 0
4569.83 0 0
4571.83 0 0
4573.83 0 0
4575.83 0 0
4577.83 0 0
4579.83 0 0
4581.83 0 0
4583.83 0 0
4585.83 0 0
4587.83 0 0
4589.84 0 0
4591.84 0 0
4593.84 0 0
4595.84 0 0
4597.84 0 0
4599.84 0 0
4601.84 0 0
4603.84 0 0
4605.84 0 0
4607.84 0 0
4609.84 0 0
4611.84 0 0
4613.85 0 0
4615.85 0 0
4617.85 0 0
4619.85 0 0
4621.85 0 0
4623.85 0 0
4625.85 0 0
4627.85 0 0
4629.85 0 0
4631.85 0 0
4633.85 0 0
4635.85 0 0
4637.85 0 0
4639.86 0 0
4641.86 0 0
4643.86 0 0
4645.86 0 0
4647.86 0 0
4649.86 0 0
4651.86 0 0
4653.86 0 0
4655.86 0 0
4657.86 0 0
4659.86 0 0
4661.86 0 0
4663.87 0 0
4665.87 0 0
4667.87 0 0
4669.87 0 0
4671.87 0 0
4673.87 0 0
4675.87 0 0
4677.87 0 0
4679.87 0 0
4681.87 0 0
4683.87 0 0
4685.87 0 0
4687.87 0 0
4689.88 0 0
4691.88 0 0
4693.88 0 0
4695.88 0 0
4697.88 0 0
4699.88 0 0
4701.88 0 0
4703.88 0 0
4705.88 0 0
4707.88 0 0
4709.88 0 0
4711.88 0 0
4713.89 0 0
4715.89 0 0
4717.89 0 0
4719.89 0 0
4721.89 0 0
4723.89 0 0
4725.89 0 0
4727.89 0 0
4729.89 0 0
4731.89 0 0
4733.89 0 0
4735.89 0 0
4737.89 0 0
4739.9 0 0
4741.9 0 0
4743.9 0 0
4745.9 0 0
4747.9 0 0
4749.9 0 0
4751.9 0 0
4753.9 0 0
4755.9 0 0
4757.9 0 0
4759.9 0 0
4761.9 0 0
4763.91 0 0
4765.91 0 0
4767.91 0 0
4769.91 0 0
4771.91 0 0
4773.91 0 0
4775.91 0 0
4777.91 0 0
4779.91 0 0
4781.91 0 0
4783.91 0 0
4785.91 0 0
4787.91 0 0
4789.92 0 0
4791.92 0 0
4793.92 0 0
4795.92 0 0
4797.92 0 0
4799.92 0 0
4801.92 0 0
4803.92 0 0
4805.92 0 0
4807.92 0 0
4809.92 0 0
4811.92 0 0
4813.93 0 0
4815.93 0 0
4817.93 0 0
4819.93 0 0
4821.93 0 0
4823.93 0 0
4825.93 0 0
4827.93 0 0
4829.93 0 0
4831.93 0 0
4833.93 0 0
4835.93 0 0
4837.93 0 0
4839.94 0 0
4841.94 0 0
4843.94 0 0
4845.94 0 0
4847.94 0 0
4849.94 0 0
4851.94 0 0
4853.94 0 0
4855.94 0 0
4857.94 0 0
4859.94 0 0
4861.94 0 0
4863.95 0 0
4865.95 0 0
4867.95 0 0
4869.95 0 0
4871.95 0 0
4873.95 0 0
4875.95 0 0
4877.95 0 0
4879.95 0 0
4881.95 0 0
4883.95 0 0
4885.95 0 0
4887.95 0 0
4889.96 0 0
4891.96 0 0
4893.96 0 0
4895.96 0 0
4897.96 0 0
4899.96 0 0
4901.96 0 0
4903.96 0 0
4905.96 0 0
4907.96 0 0
4909.96 0 0
4911.96 0 0
4913.97 0 0
4915.97 0 0
4917.97 0 0
4919.97 0 0
4921.97 0 0
4923.97 0 0
4925.97 0 0
4927.97 0 0
4929.97 0 0
4931.97 0 0
4933.97 0 0
4935.97 0 0
4937.97 0 0
4939.98 0 0
4941.98 0 0
4943.98 0 0
4945.98 0 0
4947.98 0 0
4949.98 0 0
4951.98 0 0
4953.98 0 0
4955.98 0 0
4957.98 0 0
4959.98 0 0
4961.98 0 0
4963.99 0 0
4965.99 0 0
4967.99 0 0
4969.99 0 0
4971.99 0 0
4973.99 0 0
4975.99 0 0
4977.99 0 0
4979.99 0 0
4981.99 0 0
4983.99 0 0
4985.99 0 0
4987.99 0 0
4990 0 0
4992 0 0
4994 0 0
4996 0 0
4998 0 0
5000 0 0
5002 0 0
5004 0 0
5006 0 0
5008 0 0
5010 0 0
5012 0 0
5014.01 0 0
5016.01 0 0
5018.01 0 0
5020.01 0 0
5022.01 0 0
5024.01 0 0
5026.01 0 0
5028.01 0 0
5030.01 0 0
5032.01 0 0
5034.01 0 0
5036.01 0 0
5038.01 0 0
5040.02 0 0
5042.02 0 0
5044.02 0 0
5046.02 0 0
5048.02 0 0
5050.02 0 0
5052.02 0 0
5054.02 0 0
5056.02 0 0
5058.02 0 0
5060.02 0 0
5062.02 0 0
5064.03 0 0
5066.03 0 0
5068.03 0 0
5070.03 0 0
5072.03 0 0
5074.03 0 0
5076.03 0 0
5078.03 0 0
5080.03 0 0
5082.03 0 0
5084.03 0 0
5086.03 0 0
5088.03 0 0
5090.04 0 0
5092.04 0 0
5094.04 0 0
5096.04 0 0
5098.04 0 0
5100.04 0 0
5102.04 0 0
5104.04 0 0
5106.04 0 0
5108.04 0 0
5110.04 0 0
5112.04 0 0
5114.05 0 0
5116.05 0 0
5118.05 0 0
5120.05 0 0
5122.05 0 0
5124.05 0 0
5126.05 0 0
5128.05 0 0
5130.05 0 0
5132.05 0 0
5134.05 0 0
5136.05 0 0
5138.05 0 0
5140.06 0 0
5142.06 0 0
5144.06 0 0
5146.06 0 0
5148.06 0 0
5150.06 0 0
5152.06 0 0
5154.06 0 0
5156.06 0 0
5158.06 0 0
5160.06 0 0
5162.06 0 0
5164.07 0 0
5166.07 0 0
5168.07 0 0
5170.07 0 0
5172.07 0 0
5174.07 0 0
5176.07 0 0
5178.07 0 0
5180.07 0 0
5182.07 0 0
5184.07 0 0
5186.07 0 0
5188.07 0 0
5190.08 0 0
5192.08 0 0
5194.08 0 0
5196.08 0 0
5198.08 0 0
5200.08 0 0
5202.08 0 0
5204.08 0 0
5206.08 0 0
5208.08 0 0
5210.08 0 0
5212.08 0 0
5214.09 0 0
5216.09 0 0
5218.09 0 0
5220.09 0 0
5222.09 0 0
5224.09 0 0
5226.09 0 0
5228.09 0 0
5230.09 0 0
5232.09 0 0
5234.09 0 0
5236.09 0 0
5238.09 0 0
5240.1 0 0
5242.1 0 0
5244.1 0 0
5246.1 0 0
5248.1 0 0
5250.1 0 0
5252.1 0 0
5254.1 0 0
5256.1 0 0
5258.1 0 0
5260.1 0 0
5262.1 0 0
5264.11 0 0
5266.11 0 0
5268.11 0 0
5270.11 0 0
5272.11 0 0
5274.11 0 0
5276.11 0 0
5278.11 0 0
5280.11 0 0
5282.11 0 0
5284.11 0 0
5286.11 0 0
5288.11 0 0
5290.12 0 0
5292.12 0 0
5294.12 0 0
5296.12 0 0
5298.12 0 0
5300.12 0 0
5302.12 0 0
5304.12 0 0
5306.12 0 0
5308.12 0 0
5310.12 0 0
5312.12 0 0
5314.13 0 0
5316.13 0 0
5318.13 0 0
5320.13 0 0
5322.13 0 0
5324.13 0 0
5326.13 0 0
5328.13 0 0
5330.13 0 0
5332.13 0 0
5334.13 0 0
5336.13 0 0
5338.13 0 0
5340.14 0 0
5342.14 0 0
5344.14 0 0
5346.14 0 0
5348.14 0 0
5350.14 0 0
5352.14 0 0
5354.14 0 0
5356.14 0 0
5358.14 0 0
5360.14 0 0
5362.14 0 0
5364.15 0 0
5366.15 0 0
5368.15 0 0
5370.15 0 0
5372.15 0 0
5374.15 0 0
5376.15 0 0
5378.15 0 0
5380.15 0 0
5382.15 0 0
5384.15 0 0
5386.15 0 0
5388.15 0 0
5390.16 0 0
5392.16 0 0
5394.16 0 0
5396.16 0 0
5398.16 0 0
5400.16 0 0
5402.16 0 0
5404.16 0 0
5406.16 0 0
5408.16 0 0
5410.16 0 0
5412.16 0 0
5414.17 0 0
5416.17 0 0
5418.17 0 0
5420.17 0 0
5422.17 0 0
5424.17 0 0
5426.17 0 0
5428.17 0 0
5430.17 0 0
5432.17 0 0
5434.17 0 0
5436.17 0 0
5438.17 0 0
5440.18 0 0
5442.18 0 0
5444.18 0 0
5446.18 0 0
5448.18 0 0
5450.18 0 0
5452.18 0 0
5454.18 0 0
5456.18 0 0
5458.18 0 0
5460.18 0 0
5462.18 0 0
5464.19 0 0
5466.19 0 0
5468.19 0 0
5470.19 0 0
5472.19 0 0
5474.19 0 0
5476.19 0 0
5478.19 0 0
5480.19 0 0
5482.19 0 0
5484.19 0 0
5486.19 0 0
5488.19 0 0
5490.2 0 0
5492.2 0 0
5494.2 0 0
5496.2 0 0
5498.2 0 0
5500.2 0 0
5502.2 0 0
5504.2 0 0
5506.2 0 0
5508.2 0 0
5510.2 0 0
5512.2 0 0
5514.21 0 0
5516.21 0 0
5518.21 0 0
5520.21 0 0
5522.21 0 0
5524.21 0 0
5526.21 0 0
5528.21 0 0
5530.21 0 0
5532.21 0 0
5534.21 0 0
5536.21 0 0
5538.21 0 0
5540.22 0 0
5542.22 0 0
5544.22 0 0
5546.22 0 0
5548.22 0 0
5550.22 0 0
5552.22 0 0
5554.22 0 0
5556.22 0 0
5558.22 0 0
5560.22 0 0
5562.22 0 0
5564.23 0 0
5566.23 0 0
5568.23 0 0
5570.23 0 0
5572.23 0 0
5574.23 0 0
5576.23 0 0
5578.23 0 0
5580.23 0 0
5582.23 0 0
5584.23 0 0
5586.23 0 0
5588.23 0 0
5590.24 0 0
5592.24 0 0
5594.24 0 0
5596.24 0 0
5598.24 0 0
5600.24 0 0
5602.24 0 0
5604.24 0 0
5606.24 0 0
5608.24 0 0
5610.24 0 0
5612.24 0 0
5614.25 0 0
5616.25 0 0
5618.25 0 0
5620.25 0 0
5622.25 0 0
5624.25 0 0
5626.25 0 0
5628.25 0 0
5630.25 0 0
5632.25 0 0
5634.25 0 0
5636.25 0 0
5638.25 0 0
5640.26 0 0
5642.26 0 0
5644.26 0 0
5646.26 0 0
5648.26 0 0
5650.26 0 0
5652.26 0 0
5654.26 0 0
5656.26 0 0
5658.26 0 0
5660.26 0 0
5662.26 0 0
5664.27 0 0
5666.27 0 0
5668.27 0 0
5670.27 0 0
5672.27 0 0
5674.27 0 0
5676.27 0 0
5678.27 0 0
5680.27 0 0
5682.27 0 0
5684.27 0 0
5686.27 0 0
5688.27 0 0
5690.28 0 0
5692.28 0 0
5694.28 0 0
5696.28 0 0
5698.28 0 0
5700.28 0 0
5702.28 0 0
5704.28 0 0
5706.28 0 0
5708.28 0 0
5710.28 0 0
5712.28 0 0
5714.29 0 0
5716.29 0 0
5718.29 0 0
5720.29 0 0
5722.29 0 0
5724.29 0 0
5726.29 0 0
5728.29 0 0
5730.29 0 0
5732.29 0 0
5734.29 0 0
5736.29 0 0
5738.29 0 0
5740.3 0 0
5742.3 0 0
5744.3 0 0
5746.3 0 0
5748.3 0 0
5750.3 0 0
5752.3 0 0
5754.3 0 0
5756.3 0 0
5758.3 0 0
5760.3 0 0
5762.3 0 0
5764.31 0 0
5766.31 0 0
5768.31 0 0
5770.31 0 0
5772.31 0 0
5774.31 0 0
5776.31 0 0
5778.31 0 0
5780.31 0 0
5782.31 0 0
5784.31 0 0
5786.31 0 0
5788.31 0 0
5790.32 0 0
5792.32 0 0
5794.32 0 0
5796.32 0 0
5798.32 0 0
5800.32 0 0
5802.32 0 0
5804.32 0 0
5806.32 0 0
5808.32 0 0
5810.32 0 0
5812.32 0 0
5814.33 0 0
5816.33 0 0
5818.33 0 0
5820.33 0 0
5822.33 0 0
5824.33 0 0
5826.33 0 0
5828.33 0 0
5830.33 0 0
5832.33 0 0
5834.33 0 0
5836.33 0 0
5838.33 0 0
5840.34 0 0
5842.34 0 0
5844.34 0 0
5846.34 0 0
5848.34 0 0
5850.34 0 0
5852.34 0 0
5854.34 0 0
5856.34 0 0
5858.34 0 0
5860.34 0 0
5862.34 0 0
5864.35 0 0
5866.35 0 0
5868.35 0 0
5870.35 0 0
5872.35 0 0
5874.35 0 0
5876.35 0 0
5878.35 0 0
5880.35 0 0
5882.35 0 0
5884.35 0 0
5886.35 0 0
5888.35 0 0
5890.36 0 0
5892.36 0 0
5894.36 0 0
5896.36 0 0
5898.36 0 0
5900.36 0 0
5902.36 0 0
5904.36 0 0
5906.36 0 0
5908.36 0 0
5910.36 0 0
5912.36 0 0
5914.37 0 0
5916.37 0 0
5918.37 0 0
5920.37 0 0
5922.37 0 0
5924.37 0 0
5926.37 0 0
5928.37 0 0
5930.37 0 0
5932.37 0 0
5934.37 0 0
5936.37 0 0
5938.37 0 0
5940.38 0 0
5942.38 0 0
5944.38 0 0
5946.38 0 0
5948.38 0 0
5950.38 0 0
5952.38 0 0
5954.38 0 0
5956.38 0 0
5958.38 0 0
5960.38 0 0
5962.38 0 0
5964.39 0 0
5966.39 0 0
5968.39 0 0
5970.39 0 0
5972.39 0 0
5974.39 0 0
5976.39 0 0
5978.39 0 0
5980.39 0 0
5982.39 0 0
5984.39 0 0
5986.39 0 0
5988.39 0 0
5990.4 0 0
5992.4 0 0
5994.4 0 0
5996.4 0 0
5998.4 0 0
6000.4 0 0
6002.4 0 0
6004.4 0 0
6006.4 0 0
6008.4 0 0
6010.4 0 0
6012.4 0 0
6014.41 0 0
6016.41 0 0
6018.41 0 0
6020.41 0 0
6022.41 0 0
6024.41 0 0
6026.41 0 0
6028.41 0 0
6030.41 0 0
6032.41 0 0
6034.41 0 0
6036.41 0 0
6038.41 0 0
6040.42 0 0
6042.42 0 0
6044.42 0 0
6046.42 0 0
6048.42 0 0
6050.42 0 0
6052.42 0 0
6054.42 0 0
6056.42 0 0
6058.42 0 0
6060.42 0 0
6062.42 0 0
6064.43 0 0
6066.43 0 0
6068.43 0 0
6070.43 0 0
6072.43 0 0
6074.43 0 0
6076.43 0 0
6078.43 0 0
6080.43 0 0
6082.43 0 0
6084.43 0 0
6086.43 0 0
6088.43 0 0
6090.44 0 0
6092.44 0 0
6094.44 0 0
6096.44 0 0
6098.44 0 0
6100.44 0 0
6102.44 0 0
6104.44 0 0
6106.44 0 0
6108.44 0 0
6110.44 0 0
6112.44 0 0
6114.45 0 0
6116.45 0 0
6118.45 0 0
6120.45 0 0
6122.45 0 0
6124.45 0 0
6126.45 0 0
6128.45 0 0
6130.45 0 0
6132.45 0 0
6134.45 0 0
6136.45 0 0
6138.45 0 0
6140.46 0 0
6142.46 0 0
6144.46 0 0
6146.46 0 0
6148.46 0 0
6150.46 0 0
6152.46 0 0
6154.46 0 0
6156.46 0 0
6158.46 0 0
6160.46 0 0
6162.46 0 0
6164.47 0 0
6166.47 0 0
6168.47 0 0
6170.47 0 0
6172.47 0 0
6174.47 0 0
6176.47 0 0
6178.47 0 0
6180.47 0 0
6182.47 0 0
6184.47 0 0
6186.47 0 0
6188.47 0 0
6190.48 0 0
6192.48 0 0
6194.48 0 0
6196.48 0 0
6198.48 0 0
6200.48 0 0
6202.48 0 0
6204.48 0 0
6206.48 0 0
6208.48 0 0
6210.48 0 0
6212.48 0 0
6214.49 0 0
6216.49 0 0
6218.49 0 0
6220.49 0 0
6222.49 0 0
6224.49 0 0
6226.49 0 0
6228.49 0 0
6230.49 0 0
6232.49 0 0
6234.49 0 0
6236.49 0 0
6238.49 0 0
6240.5 0 0
6242.5 0 0
6244.5 0 0
6246.5 0 0
6248.5 0 0
6250.5 0 0
6252.5 0 0
6254.5 0 0
6256.5 0 0
6258.5 0 0
6260.5 0 0
6262.5 0 0
6264.51 0 0
6266.51 0 0
6268.51 0 0
6270.51 0 0
6272.51 0 0
6274.51 0 0
6276.51 0 0
6278.51 0 0
6280.51 0 0
6282.51 0 0
6284.51 0 0
6286.51 0 0
6288.51 0 0
6290.52 0 0
6292.52 0 0
6294.52 0 0
6296.52 0 0
6298.52 0 0
6300.52 0 0
6302.52 0 0
6304.52 0 0
6306.52 0 0
6308.52 0 0
6310.52 0 0
6312.52 0 0
6314.53 0 0
6316.53 0 0
6318.53 0 0
6320.53 0 0
6322.53 0 0
6324.53 0 0
6326.53 0 0
6328.53 0 0
6330.53 0 0
6332.53 0 0
6334.53 0 0
6336.53 0 0
6338.53 0 0
6340.54 0 0
6342.54 0 0
6344.54 0 0
6346.54 0 0
6348.54 0 0
6350.54 0 0
6352.54 0 0
6354.54 0 0
6356.54 0 0
6358.54 0 0
6360.54 0 0
6362.54 0 0
6364.55 0 0
6366.55 0 0
6368.55 0 0
6370.55 0 0
6372.55 0 0
6374.55 0 0
6376.55 0 0
6378.55 0 0
6380.55 0 0
6382.55 0 0
6384.55 0 0
6386.55 0 0
6388.55 0 0
6390.56 0 0
6392.56 0 0
6394.56 0 0
6396.56 0 0
6398.56 0 0
6400.56 0 0
6402.56 0 0
6404.56 0 0
6406.56 0 0
6408.56 0 0
6410.56 0 0
6412.56 0 0
6414.57 0 0
6416.57 0 0
6418.57 0 0
6420.57 0 0
6422.57 0 0
6424.57 0 0
6426.57 0 0
6428.57 0 0
6430.57 0 0
6432.57 0 0
6434.57 0 0
6436.57 0 0
6438.57 0 0
6440.58 0 0
6442.58 0 0
6444.58 0 0
6446.58 0 0
6448.58 0 0
6450.58 0 0
6452.58 0 0
6454.58 0 0
6456.58 0 0
6458.58 0 0
6460.58 0 0
6462.58 0 0
6464.59 0 0
6466.59 0 0
6468.59 0 0
6470.59 0 0
6472.59 0 0
6474.59 0 0
6476.59 0 0
6478.59 0 0
6480.59 0 0
6482.59 0 0
6484.59 0 0
6486.59 0 0
6488.59 0 0
6490.6 0 0
6492.6 0 0
6494.6 0 0
6496.6 0 0
6498.6 0 0
6500.6 0 0
6502.6 0 0
6504.6 0 0
6506.6 0 0
6508.6 0 0
6510.6 0 0
6512.6 0 0
6514.61 0 0
6516.61 0 0
6518.61 0 0
6520.61 0 0
6522.61 0 0
6524.61 0 0
6526.61 0 0
6528.61 0 0
6530.61 0 0
6532.61 0 0
6534.61 0 0
6536.61 0 0
6538.61 0 0
6540.62 0 0
6542.62 0 0
6544.62 0 0
6546.62 0 0
6548.62 0 0
6550.62 0 0
6552.62 0 0
6554.62 0 0
6556.62 0 0
6558.62 0 0
6560.62 0 0
6562.62 0 0
6564.63 0 0
6566.63 0 0
6568.63 0 0
6570.63 0 0
6572.63 0 0
6574.63 0 0
6576.63 0 0
6578.63 0 0
6580.63 0 0
6582.63 0 0
6584.63 0 0
6586.63 0 0
6588.63 0 0
6590.64 0 0
6592.64 0 0
6594.64 0 0
6596.64 0 0
6598.64 0 0
6600.64 0 0
6602.64 0 0
6604.64 0 0
6606.64 0 0
6608.64 0 0
6610.64 0 0
6612.64 0 0
6614.65 0 0
6616.65 0 0
6618.65 0 0
6620.65 0 0
6622.65 0 0
6624.65 0 0
6626.65 0 0
6628.65 0 0
6630.65 0 0
6632.65 0 0
6634.65 0 0
6636.65 0 0
6638.65 0 0
6640.66 0 0
6642.66 0 0
6644.66 0 0
6646.66 0 0
6648.66 0 0
6650.66 0 0
6652.66 0 0
6654.66 0 0
6656.66 0 0
6658.66 0 0
6660.66 0 0
6662.66 0 0
6664.67 0 0
6666.67 0 0
6668.67 0 0
6670.67 0 0
6672.67 0 0
6674.67 0 0
6676.67 0 0
6678.67 0 0
6680.67 0 0
6682.67 0 0
6684.67 0 0
6686.67 0 0
6688.67 0 0
6690.68 0 0
6692.68 0 0
6694.68 0 0
6696.68 0 0
6698.68 0 0
6700.68 0 0
6702.68 0 0
6704.68 0 0
6706.68 0 0
6708.68 0 0
6710.68 0 0
6712.68 0 0
6714.69 0 0
6716.69 0 0
6718.69 0 0
6720.69 0 0
6722.69 0 0
6724.69 0 0
6726.69 0 0
6728.69 0 0
6730.69 0 0
6732.69 0 0
6734.69 0 0
6736.69 0 0
6738.69 0 0
6740.7 0 0
6742.7 0 0
6744.7 0 0
6746.7 0 0
6748.7 0 0
6750.7 0 0
6752.7 0 0
6754.7 0 0
6756.7 0 0
6758.7 0 0
6760.7 0 0
6762.7 0 0
6764.71 0 0
6766.71 0 0
6768.71 0 0
6770.71 0 0
6772.71 0 0
6774.71 0 0
6776.71 0 0
6778.71 0 0
6780.71 0 0
6782.71 0 0
6784.71 0 0
6786.71 0 0
6788.71 0 0
6790.72 0 0
6792.72 0 0
6794.72 0 0
6796.72 0 0
6798.72 0 0
6800.72 0 0
6802.72 0 0
6804.72 0 0
6806.72 0 0
6808.72 0 0
6810.72 0 0
6812.72 0 0
6814.73 0 0
6816.73 0 0
6818.73 0 0
6820.73 0 0
6822.73 0 0
6824.73 0 0
6826.73 0 0
6828.73 0 0
6830.73 0 0
6832.73 0 0
6834.73 0 0
6836.73 0 0
6838.73 0 0
6840.74 0 0
6842.74 0 0
6844.74 0 0
6846.74 0 0
6848.74 0 0
6850.74 0 0
6852.74 0 0
6854.74 0 0
6856.74 0 0
6858.74 0 0
6860.74 0 0
6862.74 0 0
6864.75 0 0
6866.75 0 0
6868.75 0 0
6870.75 0 0
6872.75 0 0
6874.75 0 0
6876.75 0 0
6878.75 0 0
6880.75 0 0
6882.75 0 0
6884.75 0 0
6886.75 0 0
6888.75 0 0
6890.76 0 0
6892.76 0 0
6894.76 0 0
6896.76 0 0
6898.76 0 0
6900.76 0 0
6902.76 0 0
6904.76 0 0
6906.76 0 0
6908.76 0 0
6910.76 0 0
6912.76 0 0
6914.77 0 0
6916.77 0 0
6918.77 0 0
6920.77 0 0
6922.77 0 0
6924.77 0 0
6926.77 0 0
6928.77 0 0
6930.77 0 0
6932.77 0 0
6934.77 0 0
6936.77 0 0
6938.77 0 0
6940.78 0 0
6942.78 0 0
6944.78 0 0
6946.78 0 0
6948.78 0 0
6950.78 0 0
6952.78 0 0
6954.78 0 0
6956.78 0 0
6958.78 0 0
6960.78 0 0
6962.78 0 0
6964.79 0 0
6966.79 0 0
6968.79 0 0
6970.79 0 0
6972.79 0 0
6974.79 0 0
6976.79 0 0
6978.79 0 0
6980.79 0 0
6982.79 0 0
6984.79 0 0
6986.79 0 0
6988.79 0 0
6990.8 0 0
6992.8 0 0
6994.8 0 0
6996.8 0 0
6998.8 0 0
7000.8 0 0
7002.8 0 0
7004.8 0 0
7006.8 0 0
7008.8 0 0
7010.8 0 0
7012.8 0 0
7014.81 0 0
7016.81 0 0
7018.81 0 0
7020.81 0 0
7022.81 0 0
7024.81 0 0
7026.81 0 0
7028.81 0 0
7030.81 0 0
7032.81 0 0
7034.81 0 0
7036.81 0 0
7038.81 0 0
7040.82 0 0
7042.82 0 0
7044.82 0 0
7046.82 0 0
7048.82 0 0
7050.82 0 0
7052.82 0 0
7054.82 0 0
7056.82 0 0
7058.82 0 0
7060.82 0 0
7062.82 0 0
7064.83 0 0
7066.83 0 0
7068.83 0 0
7070.83 0 0
7072.83 0 0
7074.83 0 0
7076.83 0 0
7078.83 0 0
7080.83 0 0
7082.83 0 0
7084.83 0 0
7086.83 0 0
7088.83 0 0
7090.84 0 0
7092.84 0 0
7094.84 0 0
7096.84 0 0
7098.84 0 0
7100.84 0 0
7102.84 0 0
7104.84 0 0
7106.84 0 0
7108.84 0 0
7110.84 0 0
7112.84 0 0
7114.85 0 0
7116.85 0 0
7118.85 0 0
7120.85 0 0
7122.85 0 0
7124.85 0 0
7126.85 0 0
7128.85 0 0
7130.85 0 0
7132.85 0 0
7134.85 0 0
7136.85 0 0
7138.85 0 0
7140.86 0 0
7142.86 0 0
7144.86 0 0
7146.86 0 0
7148.86 0 0
7150.86 0 0
7152.86 0 0
7154.86 0 0
7156.86 0 0
7158.86 0 0
7160.86 0 0
7162.86 0 0
7164.87 0 0
7166.87 0 0
7168.87 0 0
7170.87 0 0
7172.87 0 0
7174.87 0 0
7176.87 0 0
7178.87 0 0
7180.87 0 0
7182.87 0 0
7184.87 0 0
7186.87 0 0
7188.87 0 0
7190.88 0 0
7192.88 0 0
7194.88 0 0
7196.88 0 0
7198.88 0 0
7200.88 0 0
7202.88 0 0
7204.88 0 0
7206.88 0 0
7208.88 0 0
7210.88 0 0
7212.88 0 0
7214.89 0 0
7216.89 0 0
7218.89 0 0
7220.89 0 0
7222.89 0 0
7224.89 0 0
7226.89 0 0
7228.89 0 0
7230.89 0 0
7232.89 0 0
7234.89 0 0
7236.89 0 0
7238.89 0 0
7240.9 0 0
7242.9 0 0
7244.9 0 0
7246.9 0 0
7248.9 0 0
7250.9 0 0
7252.9 0 0
7254.9 0 0
7256.9 0 0
7258.9 0 0
7260.9 0 0
7262.9 0 0
7264.91 0 0
7266.91 0 0
7268.91 0 0
7270.91 0 0
7272.91 0 0
7274.91 0 0
7276.91 0 0
7278.91 0 0
7280.91 0 0
7282.91 0 0
7284.91 0 0
7286.91 0 0
7288.91 0 0
7290.92 0 0
7292.92 0 0
7294.92 0 0
7296.92 0 0
7298.92 0 0
7300.92 0 0
7302.92 0 0
7304.92 0 0
7306.92 0 0
7308.92 0 0
7310.92 0 0
7312.92 0 0
7314.93 0 0
7316.93 0 0
7318.93 0 0
7320.93 0 0
7322.93 0 0
7324.93 0 0
7326.93 0 0
7328.93 0 0
7330.93 0 0
7332.93 0 0
7334.93 0 0
7336.93 0 0
7338.93 0 0
7340.94 0 0
7342.94 0 0
7344.94 0 0
7346.94 0 0
7348.94 0 0
7350.94 0 0
7352.94 0 0
7354.94 0 0
7356.94 0 0
7358.94 0 0
7360.94 0 0
7362.94 0 0
7364.95 0 0
7366.95 0 0
7368.95 0 0
7370.95 0 0
7372.95 0 0
7374.95 0 0
7376.95 0 0
7378.95 0 0
7380.95 0 0
7382.95 0 0
7384.95 0 0
7386.95 0 0
7388.95 0 0
7390.96 0 0
7392.96 0 0
7394.96 0 0
7396.96 0 0
7398.96 0 0
7400.96 0 0
7402.96 0 0
7404.96 0 0
7406.96 0 0
7408.96 0 0
7410.96 0 0
7412.96 0 0
7414.97 0 0
7416.97 0 0
7418.97 0 0
7420.97 0 0
7422.97 0 0
7424.97 0 0
7426.97 0 0
7428.97 0 0
7430.97 0 0
7432.97 0 0
7434.97 0 0
7436.97 0 0
7438.97 0 0
7440.98 0 0
7442.98 0 0
7444.98 0 0
7446.98 0 0
7448.98 0 0
7450.98 0 0
7452.98 0 0
7454.98 0 0
7456.98 0 0
7458.98 0 0
7460.98 0 0
7462.98 0 0
7464.99 0 0
7466.99 0 0
7468.99 0 0
7470.99 0 0
7472.99 0 0
7474.99 0 0
7476.99 0 0
7478.99 0 0
7480.99 0 0
7482.99 0 0
7484.99 0 0
7486.99 0 0
7488.99 0 0
7491 0 0
7493 0 0
7495 0 0
7497 0 0
7499 0 0
7501 0 0
7503 0 0
7505 0 0
7507 0 0
7509 0 0
7511 0 0
7513 0 0
7515.01 0 0
7517.01 0 0
7519.01 0 0
7521.01 0 0
7523.01 0 0
7525.01 0 0
7527.01 0 0
7529.01 0 0
7531.01 0 0
7533.01 0 0
7535.01 0 0
7537.01 0 0
7539.02 0 0
7541.02 0 0
7543.02 0 0
7545.02 0 0
7547.02 0 0
7549.02 0 0
7551.02 0 0
7553.02 0 0
7555.02 0 0
7557.02 0 0
7559.02 0 0
7561.02 0 0
7563.02 0 0
7565.03 0 0
7567.03 0 0
7569.03 0 0
7571.03 0 0
7573.03 0 0
7575.03 0 0
7577.03 0 0
7579.03 0 0
7581.03 0 0
7583.03 0 0
7585.03 0 0
7587.03 0 0
7589.04 0 0
7591.04 0 0
7593.04 0 0
7595.04 0 0
7597.04 0 0
7599.04 0 0
7601.04 0 0
7603.04 0 0
7605.04 0 0
7607.04 0 0
7609.04 0 0
7611.04 0 0
7613.04 0 0
7615.05 0 0
7617.05 0 0
7619.05 0 0
7621.05 0 0
7623.05 0 0
7625.05 0 0
7627.05 0 0
7629.05 0 0
7631.05 0 0
7633.05 0 0
7635.05 0 0
7637.05 0 0
7639.06 0 0
7641.06 0 0
7643.06 0 0
7645.06 0 0
7647.06 0 0
7649.06 0 0
7651.06 0 0
7653.06 0 0
7655.06 0 0
7657.06 0 0
7659.06 0 0
7661.06 0 0
7663.06 0 0
7665.07 0 0
7667.07 0 0
7669.07 0 0
7671.07 0 0
7673.07 0 0
7675.07 0 0
7677.07 0 0
7679.07 0 0
7681.07 0 0
7683.07 0 0
7685.07 0 0
7687.07 0 0
7689.08 0 0
7691.08 0 0
7693.08 0 0
7695.08 0 0
7697.08 0 0
7699.08 0 0
7701.08 0 0
7703.08 0 0
7705.08 0 0
7707.08 0 0
7709.08 0 0
7711.08 0 0
7713.08 0 0
7715.09 0 0
7717.09 0 0
7719.09 0 0
7721.09 0 0
7723.09 0 0
7725.09 0 0
7727.09 0 0
7729.09 0 0
7731.09 0 0
7733.09 0 0
7735.09 0 0
7737.09 0 0
7739.1 0 0
7741.1 0 0
7743.1 0 0
7745.1 0 0
7747.1 0 0
7749.1 0 0
7751.1 0 0
7753.1 0 0
7755.1 0 0
7757.1 0 0
7759.1 0 0
7761.1 0 0
7763.1 0 0
7765.11 0 0
7767.11 0 0
7769.11 0 0
7771.11 0 0
7773.11 0 0
7775.11 0 0
7777.11 0 0
7779.11 0 0
7781.11 0 0
7783.11 0 0
7785.11 0 0
7787.11 0 0
7789.12 0 0
7791.12 0 0
7793.12 0 0
7795.12 0 0
7797.12 0 0
7799.12 0 0
7801.12 0 0
7803.12 0 0
7805.12 0 0
7807.12 0 0
7809.12 0 0
7811.12 0 0
7813.12 0 0
7815.13 0 0
7817.13 0 0
7819.13 0 0
7821.13 0 0
7823.13 0 0
7825.13 0 0
7827.13 0 0
7829.13 0 0
7831.13 0 0
7833.13 0 0
7835.13 0 0
7837.13 0 0
7839.14 0 0
7841.14 0 0
7843.14 0 0
7845.14 0 0
7847.14 0 0
7849.14 0 0
7851.14 0 0
7853.14 0 0
7855.14 0 0
7857.14 0 0
7859.14 0 0
7861.14 0 0
7863.14 0 0
7865.15 0 0
7867.15 0 0
7869.15 0 0
7871.15 0 0
7873.15 0 0
7875.15 0 0
7877.15 0 0
7879.15 0 0
7881.15 0 0
7883.15 0 0
7885.15 0 0
7887.15 0 0
7889.16 0 0
7891.16 0 0
7893.16 0 0
7895.16 0 0
7897.16 0 0
7899.16 0 0
7901.16 0 0
7903.16 0 0
7905.16 0 0
7907.16 0 0
7909.16 0 0
7911.16 0 0
7913.16 0 0
7915.17 0 0
7917.17 0 0
7919.17 0 0
7921.17 0 0
7923.17 0 0
7925.17 0 0
7927.17 0 0
7929.17 0 0
7931.17 0 0
7933.17 0 0
7935.17 0 0
7937.17 0 0
7939.18 0 0
7941.18 0 0
7943.18 0 0
7945.18 0 0
7947.18 0 0
7949.18 0 0
7951.18 0 0
7953.18 0 0
7955.18 0 0
7957.18 0 0
7959.18 0 0
7961.18 0 0
7963.18 0 0
7965.19 0 0
7967.19 0 0
7969.19 0 0
7971.19 0 0
7973.19 0 0
7975.19 0 0
7977.19 0 0
7979.19 0 0
7981.19 0 0
7983.19 0 0
7985.19 0 0
7987.19 0 0
7989.2 0 0
7991.2 0 0
7993.2 0 0
7995.2 0 0
7997.2 0 0
7999.2 0 0
8001.2 0 0
8003.2 0 0
8005.2 0 0
8007.2 0 0
8009.2 0 0
8011.2 0 0
8013.2 0 0
8015.21 0 0
8017.21 0 0
8019.21 0 0
8021.21 0 0
8023.21 0 0
8025.21 0 0
8027.21 0 0
8029.21 0 0
8031.21 0 0
8033.21 0 0
8035.21 0 0
8037.21 0 0
8039.22 0 0
8041.22 0 0
8043.22 0 0
8045.22 0 0
8047.22 0 0
8049.22 0 0
8051.22 0 0
8053.22 0 0
8055.22 0 0
8057.22 0 0
8059.22 0 0
8061.22 0 0
8063.22 0 0
8065.23 0 0
8067.23 0 0
8069.23 0 0
8071.23 0 0
8073.23 0 0
8075.23 0 0
8077.23 0 0
8079.23 0 0
8081.23 0 0
8083.23 0 0
8085.23 0 0
8087.23 0 0
8089.24 0 0
8091.24 0 0
8093.24 0 0
8095.24 0 0
8097.24 0 0
8099.24 0 0
8101.24 0 0
8103.24 0 0
8105.24 0 0
8107.24 0 0
8109.24 0 0
8111.24 0 0
8113.24 0 0
8115.25 0 0
8117.25 0 0
8119.25 0 0
8121.25 0 0
8123.25 0 0
8125.25 0 0
8127.25 0 0
8129.25 0 0
8131.25 0 0
8133.25 0 0
8135.25 0 0
8137.25 0 0
8139.26 0 0
8141.26 0 0
8143.26 0 0
8145.26 0 0
8147.26 0 0
8149.26 0 0
8151.26 0 0
8153.26 0 0
8155.26 0 0
8157.26 0 0
8159.26 0 0
8161.26 0 0
8163.26 0 0
8165.27 0 0
8167.27 0 0
8169.27 0 0
8171.27 0 0
8173.27 0 0
8175.27 0 0
8177.27 0 0
8179.27 0 0
8181.27 0 0
8183.27 0 0
8185.27 0 0
8187.27 0 0
8189.28 0 0
8191.28 0 0
8193.28 0 0
8195.28 0 0
8197.28 0 0
8199.28 0 0
8201.28 0 0
8203.28 0 0
8205.28 0 0
8207.28 0 0
8209.28 0 0
8211.28 0 0
8213.28 0 0
8215.29 0 0
8217.29 0 0
8219.29 0 0
8221.29 0 0
8223.29 0 0
8225.29 0 0
8227.29 0 0
8229.29 0 0
8231.29 0 0
8233.29 0 0
8235.29 0 0
8237.29 0 0
8239.3 0 0
8241.3 0 0
8243.3 0 0
8245.3 0 0
8247.3 0 0
8249.3 0 0
8251.3 0 0
8253.3 0 0
8255.3 0 0
8257.3 0 0
8259.3 0 0
8261.3 0 0
8263.3 0 0
8265.31 0 0
8267.31 0 0
8269.31 0 0
8271.31 0 0
8273.31 0 0
8275.31 0 0
8277.31 0 0
8279.31 0 0
8281.31 0 0
8283.31 0 0
8285.31 0 0
8287.31 0 0
8289.32 0 0
8291.32 0 0
8293.32 0 0
8295.32 0 0
8297.32 0 0
8299.32 0 0
8301.32 0 0
8303.32 0 0
8305.32 0 0
8307.32 0 0
8309.32 0 0
8311.32 0 0
8313.32 0 0
8315.33 0 0
8317.33 0 0
8319.33 0 0
8321.33 0 0
8323.33 0 0
8325.33 0 0
8327.33 0 0
8329.33 0 0
8331.33 0 0
8333.33 0 0
8335.33 0 0
8337.33 0 0
8339.34 0 0
8341.34 0 0
8343.34 0 0
8345.34 0 0
8347.34 0 0
8349.34 0 0
8351.34 0 0
8353.34 0 0
8355.34 0 0
8357.34 0 0
8359.34 0 0
8361.34 0 0
8363.34 0 0
8365.35 0 0
8367.35 0 0
8369.35 0 0
8371.35 0 0
8373.35 0 0
8375.35 0 0
8377.35 0 0
8379.35 0 0
8381.35 0 0
8383.35 0 0
8385.35 0 0
8387.35 0 0
8389.36 0 0
8391.36 0 0
8393.36 0 0
8395.36 0 0
8397.36 0 0
8399.36 0 0
8401.36 0 0
8403.36 0 0
8405.36 0 0
8407.36 0 0
8409.36 0 0
8411.36 0 0
8413.36 0 0
8415.37 0 0
8417.37 0 0
8419.37 0 0
8421.37 0 0
8423.37 0 0
8425.37 0 0
8427.37 0 0
8429.37 0 0
8431.37 0 0
8433.37 0 0
8435.37 0 0
8437.37 0 0
8439.38 0 0
8441.38 0 0
8443.38 0 0
8445.38 0 0
8447.38 0 0
8449.38 0 0
8451.38 0 0
8453.38 0 0
8455.38 0 0
8457.38 0 0
8459.38 0 0
8461.38 0 0
8463.38 0 0
8465.39 0 0
8467.39 0 0
8469.39 0 0
8471.39 0 0
8473.39 0 0
8475.39 0 0
8477.39 0 0
8479.39 0 0
8481.39 0 0
8483.39 0 0
8485.39 0 0
8487.39 0 0
8489.4 0 0
8491.4 0 0
8493.4 0 0
8495.4 0 0
8497.4 0 0
8499.4 0 0
8501.4 0 0
8503.4 0 0
8505.4 0 0
8507.4 0 0
8509.4 0 0
8511.4 0 0
8513.4 0 0
8515.41 0 0
8517.41 0 0
8519.41 0 0
8521.41 0 0
8523.41 0 0
8525.41 0 0
8527.41 0 0
8529.41 0 0
8531.41 0 0
8533.41 0 0
8535.41 0 0
8537.41 0 0
8539.42 0 0
8541.42 0 0
8543.42 0 0
8545.42 0 0
8547.42 0 0
8549.42 0 0
8551.42 0 0
8553.42 0 0
8555.42 0 0
8557.42 0 0
8559.42 0 0
8561.42 0 0
8563.42 0 0
8565.43 0 0
8567.43 0 0
8569.43 0 0
8571.43 0 0
8573.43 0 0
8575.43 0 0
8577.43 0 0
8579.43 0 0
8581.43 0 0
8583.43 0 0
8585.43 0 0
8587.43 0 0
8589.44 0 0
8591.44 0 0
8593.44 0 0
8595.44 0 0
8597.44 0 0
8599.44 0 0
8601.44 0 0
8603.44 0 0
8605.44 0 0
8607.44 0 0
8609.44 0 0
8611.44 0 0
8613.44 0 0
8615.45 0 0
8617.45 0 0
8619.45 0 0
8621.45 0 0
8623.45 0 0
8625.45 0 0
8627.45 0 0
8629.45 0 0
8631.45 0 0
8633.45 0 0
8635.45 0 0
8637.45 0 0
8639.46 0 0
8641.46 0 0
8643.46 0 0
8645.46 0 0
8647.46 0 0
8649.46 0 0
8651.46 0 0
8653.46 0 0
8655.46 0 0
8657.46 0 0
8659.46 0 0
8661.46 0 0
8663.46 0 0
8665.47 0 0
8667.47 0 0
8669.47 0 0
8671.47 0 0
8673.47 0 0
8675.47 0 0
8677.47 0 0
8679.47 0 0
8681.47 0 0
8683.47 0 0
8685.47 0 0
8687.47 0 0
8689.48 0 0
8691.48 0 0
8693.48 0 0
8695.48 0 0
8697.48 0 0
8699.48 0 0
8701.48 0 0
8703.48 0 0
8705.48 0 0
8707.48 0 0
8709.48 0 0
8711.48 0 0
8713.48 0 0
8715.49 0 0
8717.49 0 0
8719.49 0 0
8721.49 0 0
8723.49 0 0
8725.49 0 0
8727.49 0 0
8729.49 0 0
8731.49 0 0
8733.49 0 0
8735.49 0 0
8737.49 0 0
8739.5 0 0
8741.5 0 0
8743.5 0 0
8745.5 0 0
8747.5 0 0
8749.5 0 0
8751.5 0 0
8753.5 0 0
8755.5 0 0
8757.5 0 0
8759.5 0 0
8761.5 0 0
8763.5 0 0
8765.51 0 0
8767.51 0 0
8769.51 0 0
8771.51 0 0
8773.51 0 0
8775.51 0 0
8777.51 0 0
8779.51 0 0
8781.51 0 0
8783.51 0 0
8785.51 0 0
8787.51 0 0
8789.52 0 0
8791.52 0 0
8793.52 0 0
8795.52 0 0
8797.52 0 0
8799.52 0 0
8801.52 0 0
8803.52 0 0
8805.52 0 0
8807.52 0 0
8809.52 0 0
8811.52 0 0
8813.52 0 0
8815.53 0 0
8817.53 0 0
8819.53 0 0
8821.53 0 0
8823.53 0 0
8825.53 0 0
8827.53 0 0
8829.53 0 0
8831.53 0 0
8833.53 0 0
8835.53 0 0
8837.53 0 0
8839.54 0 0
8841.54 0 0
8843.54 0 0
8845.54 0 0
8847.54 0 0
8849.54 0 0
8851.54 0 0
8853.54 0 0
8855.54 0 0
8857.54 0 0
8859.54 0 0
8861.54 0 0
8863.54 0 0
8865.55 0 0
8867.55 0 0
8869.55 0 0
8871.55 0 0
8873.55 0 0
8875.55 0 0
8877.55 0 0
8879.55 0 0
8881.55 0 0
8883.55 0 0
8885.55 0 0
8887.55 0 0
8889.56 0 0
8891.56 0 0
8893.56 0 0
8895.56 0 0
8897.56 0 0
8899.56 0 0
8901.56 0 0
8903.56 0 0
8905.56 0 0
8907.56 0 0
8909.56 0 0
8911.56 0 0
8913.56 0 0
8915.57 0 0
8917.57 0 0
8919.57 0 0
8921.57 0 0
8923.57 0 0
8925.57 0 0
8927.57 0 0
8929.57 0 0
8931.57 0 0
8933.57 0 0
8935.57 0 0
8937.57 0 0
8939.58 0 0
8941.58 0 0
8943.58 0 0
8945.58 0 0
8947.58 0 0
8949.58 0 0
8951.58 0 0
8953.58 0 0
8955.58 0 0
8957.58 0 0
8959.58 0 0
8961.58 0 0
8963.58 0 0
8965.59 0 0
8967.59 0 0
8969.59 0 0
8971.59 0 0
8973.59 0 0
8975.59 0 0
8977.59 0 0
8979.59 0 0
8981.59 0 0
8983.59 0 0
8985.59 0 0
8987.59 0 0
8989.6 0 0
8991.6 0 0
8993.6 0 0
8995.6 0 0
8997.6 0 0
8999.6 0 0
9001.6 0 0
9003.6 0 0
9005.6 0 0
9007.6 0 0
9009.6 0 0
9011.6 0 0
9013.6 0 0
9015.61 0 0
9017.61 0 0
9019.61 0 0
9021.61 0 0
9023.61 0 0
9025.61 0 0
9027.61 0 0
9029.61 0 0
9031.61 0 0
9033.61 0 0
9035.61 0 0
9037.61 0 0
9039.62 0 0
9041.62 0 0
9043.62 0 0
9045.62 0 0
9047.62 0 0
9049.62 0 0
9051.62 0 0
9053.62 0 0
9055.62 0 0
9057.62 0 0
9059.62 0 0
9061.62 0 0
9063.62 0 0
9065.63 0 0
9067.63 0 0
9069.63 0 0
9071.63 0 0
9073.63 0 0
9075.63 0 0
9077.63 0 0
9079.63 0 0
9081.63 0 0
9083.63 0 0
9085.63 0 0
9087.63 0 0
9089.64 0 0
9091.64 0 0
9093.64 0 0
9095.64 0 0
9097.64 0 0
9099.64 0 0
9101.64 0 0
9103.64 0 0
9105.64 0 0
9107.64 0 0
9109.64 0 0
9111.64 0 0
9113.64 0 0
9115.65 0 0
9117.65 0 0
9119.65 0 0
9121.65 0 0
9123.65 0 0
9125.65 0 0
9127.65 0 0
9129.65 0 0
9131.65 0 0
9133.65 0 0
9135.65 0 0
9137.65 0 0
9139.66 0 0
9141.66 0 0
9143.66 0 0
9145.66 0 0
9147.66 0 0
9149.66 0 0
9151.66 0 0
9153.66 0 0
9155.66 0 0
9157.66 0 0
9159.66 0 0
9161.66 0 0
9163.66 0 0
9165.67 0 0
9167.67 0 0
9169.67 0 0
9171.67 0 0
9173.67 0 0
9175.67 0 0
9177.67 0 0
9179.67 0 0
9181.67 0 0
9183.67 0 0
9185.67 0 0
9187.67 0 0
9189.68 0 0
9191.68 0 0
9193.68 0 0
9195.68 0 0
9197.68 0 0
9199.68 0 0
9201.68 0 0
9203.68 0 0
9205.68 0 0
9207.68 0 0
9209.68 0 0
9211.68 0 0
9213.68 0 0
9215.69 0 0
9217.69 0 0
9219.69 0 0
9221.69 0 0
9223.69 0 0
9225.69 0 0
9227.69 0 0
9229.69 0 0
9231.69 0 0
9233.69 0 0
9235.69 0 0
9237.69 0 0
9239.7 0 0
9241.7 0 0
9243.7 0 0
9245.7 0 0
9247.7 0 0
9249.7 0 0
9251.7 0 0
9253.7 0 0
9255.7 0 0
9257.7 0 0
9259.7 0 0
9261.7 0 0
9263.7 0 0
9265.71 0 0
9267.71 0 0
9269.71 0 0
9271.71 0 0
9273.71 0 0
9275.71 0 0
9277.71 0 0
9279.71 0 0
9281.71 0 0
9283.71 0 0
9285.71 0 0
9287.71 0 0
9289.72 0 0
9291.72 0 0
9293.72 0 0
9295.72 0 0
9297.72 0 0
9299.72 0 0
9301.72 0 0
9303.72 0 0
9305.72 0 0
9307.72 0 0
9309.72 0 0
9311.72 0 0
9313.72 0 0
9315.73 0 0
9317.73 0 0
9319.73 0 0
9321.73 0 0
9323.73 0 0
9325.73 0 0
9327.73 0 0
9329.73 0 0
9331.73 0 0
9333.73 0 0
9335.73 0 0
9337.73 0 0
9339.74 0 0
9341.74 0 0
9343.74 0 0
9345.74 0 0
9347.74 0 0
9349.74 0 0
9351.74 0 0
9353.74 0 0
9355.74 0 0
9357.74 0 0
9359.74 0 0
9361.74 0 0
9363.74 0 0
9365.75 0 0
9367.75 0 0
9369.75 0 0
9371.75 0 0
9373.75 0 0
9375.75 0 0
9377.75 0 0
9379.75 0 0
9381.75 0 0
9383.75 0 0
9385.75 0 0
9387.75 0 0
9389.76 0 0
9391.76 0 0
9393.76 0 0
9395.76 0 0
9397.76 0 0
9399.76 0 0
9401.76 0 0
9403.76 0 0
9405.76 0 0
9407.76 0 0
9409.76 0 0
9411.76 0 0
9413.76 0 0
9415.77 0 0
9417.77 0 0
9419.77 0 0
9421.77 0 0
9423.77 0 0
9425.77 0 0
9427.77 0 0
9429.77 0 0
9431.77 0 0
9433.77 0 0
9435.77 0 0
9437.77 0 0
9439.78 0 0
9441.78 0 0
9443.78 0 0
9445.78 0 0
9447.78 0 0
9449.78 0 0
9451.78 0 0
9453.78 0 0
9455.78 0 0
9457.78 0 0
9459.78 0 0
9461.78 0 0
9463.78 0 0
9465.79 0 0
9467.79 0 0
9469.79 0 0
9471.79 0 0
9473.79 0 0
9475.79 0 0
9477.79 0 0
9479.79 0 0
9481.79 0 0
9483.79 0 0
9485.79 0 0
9487.79 0 0
9489.8 0 0
9491.8 0 0
9493.8 0 0
9495.8 0 0
9497.8 0 0
9499.8 0 0
9501.8 0 0
9503.8 0 0
9505.8 0 0
9507.8 0 0
9509.8 0 0
9511.8 0 0
9513.8 0 0
9515.81 0 0
9517.81 0 0
9519.81 0 0
9521.81 0 0
9523.81 0 0
9525.81 0 0
9527.81 0 0
9529.81 0 0
9531.81 0 0
9533.81 0 0
9535.81 0 0
9537.81 0 0
9539.82 0 0
9541.82 0 0
9543.82 0 0
9545.82 0 0
9547.82 0 0
9549.82 0 0
9551.82 0 0
9553.82 0 0
9555.82 0 0
9557.82 0 0
9559.82 0 0
9561.82 0 0
9563.82 0 0
9565.83 0 0
9567.83 0 0
9569.83 0 0
9571.83 0 0
9573.83 0 0
9575.83 0 0
9577.83 0 0
9579.83 0 0
9581.83 0 0
9583.83 0 0
9585.83 0 0
9587.83 0 0
9589.84 0 0
9591.84 0 0
9593.84 0 0
9595.84 0 0
9597.84 0 0
9599.84 0 0
9601.84 0 0
9603.84 0 0
9605.84 0 0
9607.84 0 0
9609.84 0 0
9611.84 0 0
9613.84 0 0
9615.85 0 0
9617.85 0 0
9619.85 0 0
9621.85 0 0
9623.85 0 0
9625.85 0 0
9627.85 0 0
9629.85 0 0
9631.85 0 0
9633.85 0 0
9635.85 0 0
9637.85 0 0
9639.86 0 0
9641.86 0 0
9643.86 0 0
9645.86 0 0
9647.86 0 0
9649.86 0 0
9651.86 0 0
9653.86 0 0
9655.86 0 0
9657.86 0 0
9659.86 0 0
9661.86 0 0
9663.86 0 0
9665.87 0 0
9667.87 0 0
9669.87 0 0
9671.87 0 0
9673.87 0 0
9675.87 0 0
9677.87 0 0
9679.87 0 0
9681.87 0 0
9683.87 0 0
9685.87 0 0
9687.87 0 0
9689.88 0 0
9691.88 0 0
9693.88 0 0
9695.88 0 0
9697.88 0 0
9699.88 0 0
9701.88 0 0
9703.88 0 0
9705.88 0 0
9707.88 0 0
9709.88 0 0
9711.88 0 0
9713.88 0 0
9715.89 0 0
9717.89 0 0
9719.89 0 0
9721.89 0 0
9723.89 0 0
9725.89 0 0
9727.89 0 0
9729.89 0 0
9731.89 0 0
9733.89 0 0
9735.89 0 0
9737.89 0 0
9739.9 0 0
9741.9 0 0
9743.9 0 0
9745.9 0 0
9747.9 0 0
9749.9 0 0
9751.9 0 0
9753.9 0 0
9755.9 0 0
9757.9 0 0
9759.9 0 0
9761.9 0 0
9763.9 0 0
9765.91 0 0
9767.91 0 0
9769.91 0 0
9771.91 0 0
9773.91 0 0
9775.91 0 0
9777.91 0 0
9779.91 0 0
9781.91 0 0
9783.91 0 0
9785.91 0 0
9787.91 0 0
9789.92 0 0
9791.92 0 0
9793.92 0 0
9795.92 0 0
9797.92 0 0
9799.92 0 0
9801.92 0 0
9803.92 0 0
9805.92 0 0
9807.92 0 0
9809.92 0 0
9811.92 0 0
9813.92 0 0
9815.93 0 0
9817.93 0 0
9819.93 0 0
9821.93 0 0
9823.93 0 0
9825.93 0 0
9827.93 0 0
9829.93 0 0
9831.93 0 0
9833.93 0 0
9835.93 0 0
9837.93 0 0
9839.94 0 0
9841.94 0 0
9843.94 0 0
9845.94 0 0
9847.94 0 0
9849.94 0 0
9851.94 0 0
9853.94 0 0
9855.94 0 0
9857.94 0 0
9859.94 0 0
9861.94 0 0
9863.94 0 0
9865.95 0 0
9867.95 0 0
9869.95 0 0
9871.95 0 0
9873.95 0 0
9875.95 0 0
9877.95 0 0
9879.95 0 0
9881.95 0 0
9883.95 0 0
9885.95 0 0
9887.95 0 0
9889.96 0 0
9891.96 0 0
9893.96 0 0
9895.96 0 0
9897.96 0 0
9899.96 0 0
9901.96 0 0
9903.96 0 0
9905.96 0 0
9907.96 0 0
9909.96 0 0
9911.96 0 0
9913.96 0 0
9915.97 0 0
9917.97 0 0
9919.97 0 0
9921.97 0 0
9923.97 0 0
9925.97 0 0
9927.97 0 0
9929.97 0 0
9931.97 0 0
9933.97 0 0
9935.97 0 0
9937.97 0 0
9939.98 0 0
9941.98 0 0
9943.98 0 0
9945.98 0 0
9947.98 0 0
9949.98 0 0
9951.98 0 0
9953.98 0 0
9955.98 0 0
9957.98 0 0
9959.98 0 0
9961.98 0 0
9963.98 0 0
9965.99 0 0
9967.99 0 0
9969.99 0 0
9971.99 0 0
9973.99 0 0
9975.99 0 0
9977.99 0 0
9979.99 0 0
9981.99 0 0
9983.99 0 0
9985.99 0 0
9987.99 0 0
9990 0 0
9992 0 0
9994 0 0
9996 0 0
9998 0 0
10000 0 0
10002 0 0
