0 0 0
0.001001 0.999925 9.9985
0.002002 1.99955 9.994
0.003003 2.99858 9.9865
0.004004 3.9967 9.97601
0.00500501 4.99363 9.96252
0.00600601 5.98906 9.94605
0.00700701 6.98269 9.92659
0.00800801 7.97422 9.90415
0.00900901 8.96337 9.87874
0.01001 9.94982 9.85037
0.011011 10.9333 9.81904
0.012012 11.9135 9.78477
0.013013 12.8901 9.74756
0.014014 13.8629 9.70743
0.015015 14.8314 9.66439
0.016016 15.7956 9.61844
0.017017 16.755 9.56961
0.018018 17.7094 9.51791
0.019019 18.6584 9.46336
0.02002 19.6019 9.40596
0.021021 20.5395 9.34574
0.022022 21.4709 9.28272
0.023023 22.3959 9.21692
0.024024 23.3141 9.14835
0.025025 24.2254 9.07703
0.026026 25.1294 9.003
0.027027 26.0259 8.92626
0.028028 26.9145 8.84684
0.029029 27.7951 8.76477
0.03003 28.6674 8.68007
0.031031 29.531 8.59277
0.032032 30.3858 8.50288
0.033033 31.2314 8.41045
0.034034 32.0677 8.3155
0.035035 32.8944 8.21805
0.036036 33.7112 8.11813
0.037037 34.5179 8.01578
0.038038 35.3143 7.91102
0.039039 36.1 7.80389
0.04004 36.8749 7.69442
0.041041 37.6388 7.58264
0.042042 38.3913 7.46859
0.043043 39.1324 7.35229
0.044044 39.8617 7.23379
0.045045 40.579 7.11312
0.046046 41.2842 6.99032
0.047047 41.977 6.86542
0.048048 42.6572 6.73846
0.049049 43.3246 6.60948
0.0500501 43.979 6.47851
0.0510511 44.6202 6.3456
0.0520521 45.248 6.21079
0.0530531 45.8623 6.07411
0.0540541 46.4627 5.93562
0.0550551 47.0493 5.79534
0.0560561 47.6217 5.65332
0.0570571 48.1799 5.50961
0.0580581 48.7236 5.36424
0.0590591 49.2526 5.21727
0.0600601 49.7669 5.06873
0.0610611 50.2663 4.91866
0.0620621 50.7506 4.76713
0.0630631 51.2197 4.61416
0.0640641 51.6734 4.45981
0.0650651 52.1116 4.30412
0.0660661 52.5341 4.14714
0.0670671 52.9409 3.98892
0.0680681 53.3318 3.82949
0.0690691 53.7068 3.66892
0.0700701 54.0656 3.50725
0.0710711 54.4082 3.34453
0.0720721 54.7344 3.18081
0.0730731 55.0443 3.01612
0.0740741 55.3376 2.85054
0.0750751 55.6143 2.6841
0.0760761 55.8744 2.51685
0.0770771 56.1177 2.34885
0.0780781 56.3441 2.18015
0.0790791 56.5537 2.01079
0.0800801 56.7463 1.84083
0.0810811 56.9218 1.67031
0.0820821 57.0803 1.49929
0.0830831 57.2216 1.32783
0.0840841 57.3458 1.15596
0.0850851 57.4528 0.983754
0.0860861 57.5426 0.811248
0.0870871 57.6151 0.638498
0.0880881 57.6703 0.465557
0.0890891 57.7082 0.292477
0.0900901 57.7288 0.119308
0.0910911 57.732 -0.0538958
0.0920921 57.718 -0.227084
0.0930931 57.6866 -0.400204
0.0940941 57.6379 -0.573203
0.0950951 57.572 -0.746031
0.0960961 57.4887 -0.918635
0.0970971 57.3883 -1.09096
0.0980981 57.2706 -1.26296
0.0990991 57.1357 -1.43459
0.1001 56.9837 -1.60578
0.101101 56.8146 -1.77649
0.102102 56.6284 -1.94667
0.103103 56.4253 -2.11626
0.104104 56.2052 -2.28522
0.105105 55.9682 -2.45349
0.106106 55.7145 -2.62103
0.107107 55.4441 -2.78778
0.108108 55.157 -2.95369
0.109109 54.8534 -3.11872
0.11011 54.5333 -3.28281
0.111111 54.1969 -3.44592
0.112112 53.8442 -3.60799
0.113113 53.4753 -3.76898
0.114114 53.0904 -3.92885
0.115115 52.6896 -4.08753
0.116116 52.273 -4.24498
0.117117 51.8407 -4.40117
0.118118 51.3928 -4.55603
0.119119 50.9295 -4.70952
0.12012 50.451 -4.8616
0.121121 49.9573 -5.01223
0.122122 49.4486 -5.16135
0.123123 48.9251 -5.30892
0.124124 48.3869 -5.4549
0.125125 47.8342 -5.59924
0.126126 47.2672 -5.7419
0.127127 46.6859 -5.88284
0.128128 46.0907 -6.02202
0.129129 45.4816 -6.15939
0.13013 44.8589 -6.29491
0.131131 44.2227 -6.42854
0.132132 43.5733 -6.56025
0.133133 42.9108 -6.68998
0.134134 42.2354 -6.81771
0.135135 41.5473 -6.94339
0.136136 40.8468 -7.06699
0.137137 40.134 -7.18847
0.138138 39.4092 -7.3078
0.139139 38.6726 -7.42493
0.14014 37.9243 -7.53983
0.141141 37.1647 -7.65248
0.142142 36.394 -7.76282
0.143143 35.6123 -7.87084
0.144144 34.8199 -7.9765
0.145145 34.0171 -8.07976
0.146146 33.2041 -8.1806
0.147147 32.3811 -8.27898
0.148148 31.5484 -8.37488
0.149149 30.7063 -8.46827
0.15015 29.8549 -8.55912
0.151151 28.9946 -8.6474
0.152152 28.1255 -8.73309
0.153153 27.2481 -8.81616
0.154154 26.3624 -8.89658
0.155155 25.4689 -8.97433
0.156156 24.5677 -9.04939
0.157157 23.6591 -9.12174
0.158158 22.7435 -9.19135
0.159159 21.821 -9.2582
0.16016 20.892 -9.32227
0.161161 19.9567 -9.38355
0.162162 19.0154 -9.44201
0.163163 18.0684 -9.49764
0.164164 17.116 -9.55042
0.165165 16.1585 -9.60034
0.166166 15.1961 -9.64737
0.167167 14.2292 -9.69152
0.168168 13.258 -9.73275
0.169169 12.2828 -9.77106
0.17017 11.3039 -9.80645
0.171171 10.3216 -9.83889
0.172172 9.33626 -9.86838
0.173173 8.34809 -9.8949
0.174174 7.35742 -9.91846
0.175175 6.36455 -9.93905
0.176176 5.36976 -9.95665
0.177177 4.37337 -9.97127
0.178178 3.37566 -9.98289
0.179179 2.37694 -9.99152
0.18018 1.3775 -9.99715
0.181181 0.377657 -9.99979
0.182182 -0.622303 -9.99942
0.183183 -1.62208 -9.99605
0.184184 -2.62136 -9.98969
0.185185 -3.61986 -9.98032
0.186186 -4.61728 -9.96797
0.187187 -5.61331 -9.95262
0.188188 -6.60765 -9.93429
0.189189 -7.60002 -9.91297
0.19019 -8.5901 -9.88869
0.191191 -9.57761 -9.86143
0.192192 -10.5622 -9.83122
0.193193 -11.5437 -9.79806
0.194194 -12.5217 -9.76196
0.195195 -13.4959 -9.72293
0.196196 -14.4661 -9.68098
0.197197 -15.432 -9.63613
0.198198 -16.3932 -9.58839
0.199199 -17.3495 -9.53777
0.2002 -18.3006 -9.48429
0.201201 -19.2463 -9.42797
0.202202 -20.1861 -9.36882
0.203203 -21.1199 -9.30685
0.204204 -22.0473 -9.2421
0.205205 -22.9682 -9.17457
0.206206 -23.8821 -9.10429
0.207207 -24.7889 -9.03128
0.208208 -25.6882 -8.95556
0.209209 -26.5799 -8.87715
0.21021 -27.4635 -8.79608
0.211211 -28.3389 -8.71237
0.212212 -29.2059 -8.62604
0.213213 -30.064 -8.53713
0.214214 -30.9132 -8.44566
0.215215 -31.753 -8.35165
0.216216 -32.5834 -8.25514
0.217217 -33.4039 -8.15615
0.218218 -34.2145 -8.05472
0.219219 -35.0147 -7.95087
0.22022 -35.8045 -7.84463
0.221221 -36.5836 -7.73604
0.222222 -37.3516 -7.62513
0.223223 -38.1085 -7.51193
0.224224 -38.8539 -7.39648
0.225225 -39.5877 -7.27881
0.226226 -40.3095 -7.15895
0.227227 -41.0193 -7.03695
0.228228 -41.7168 -6.91283
0.229229 -42.4018 -6.78665
0.23023 -43.0741 -6.65842
0.231231 -43.7334 -6.5282
0.232232 -44.3796 -6.39602
0.233233 -45.0125 -6.26193
0.234234 -45.6319 -6.12595
0.235235 -46.2376 -5.98813
0.236236 -46.8294 -5.84852
0.237237 -47.4072 -5.70716
0.238238 -47.9708 -5.56408
0.239239 -48.5199 -5.41933
0.24024 -49.0546 -5.27296
0.241241 -49.5745 -5.12501
0.242242 -50.0795 -4.97551
0.243243 -50.5695 -4.82453
0.244244 -51.0443 -4.6721
0.245245 -51.5038 -4.51826
0.246246 -51.9479 -4.36307
0.247247 -52.3764 -4.20658
0.248248 -52.7891 -4.04882
0.249249 -53.1861 -3.88984
0.25025 -53.5671 -3.7297
0.251251 -53.932 -3.56844
0.252252 -54.2807 -3.40611
0.253253 -54.6131 -3.24275
0.254254 -54.9292 -3.07843
0.255255 -55.2288 -2.91318
0.256256 -55.5118 -2.74706
0.257257 -55.7781 -2.58011
0.258258 -56.0278 -2.41239
0.259259 -56.2606 -2.24394
0.26026 -56.4765 -2.07482
0.261261 -56.6755 -1.90508
0.262262 -56.8575 -1.73477
0.263263 -57.0224 -1.56394
0.264264 -57.1703 -1.39264
0.265265 -57.301 -1.22092
0.266266 -57.4144 -1.04883
0.267267 -57.5107 -0.876429
0.268268 -57.5897 -0.703766
0.269269 -57.6514 -0.530891
0.27027 -57.6959 -0.357857
0.271271 -57.723 -0.184716
0.272272 -57.7328 -0.0115189
0.273273 -57.7253 0.161681
0.274274 -57.7005 0.334833
0.275275 -57.6584 0.507884
0.276276 -57.5989 0.680783
0.277277 -57.5222 0.853478
0.278278 -57.4282 1.02592
0.279279 -57.317 1.19805
0.28028 -57.1886 1.36982
0.281281 -57.0431 1.54118
0.282282 -56.8804 1.71208
0.283283 -56.7007 1.88246
0.284284 -56.504 2.05228
0.285285 -56.2903 2.22149
0.286286 -56.0597 2.39002
0.287287 -55.8123 2.55784
0.288288 -55.5482 2.7249
0.289289 -55.2674 2.89113
0.29029 -54.97 3.0565
0.291291 -54.6561 3.22095
0.292292 -54.3258 3.38444
0.293293 -53.9793 3.54691
0.294294 -53.6165 3.70831
0.295295 -53.2377 3.86861
0.296296 -52.8429 4.02774
0.297297 -52.4322 4.18566
0.298298 -52.0058 4.34233
0.299299 -51.5638 4.4977
0.3003 -51.1063 4.65172
0.301301 -50.6335 4.80434
0.302302 -50.1455 4.95552
0.303303 -49.6425 5.10521
0.304304 -49.1246 5.25337
0.305305 -48.5919 5.39996
0.306306 -48.0446 5.54492
0.307307 -47.483 5.68823
0.308308 -46.9071 5.82982
0.309309 -46.3171 5.96967
0.31031 -45.7132 6.10772
0.311311 -45.0957 6.24395
0.312312 -44.4645 6.3783
0.313313 -43.8201 6.51073
0.314314 -43.1625 6.64122
0.315315 -42.4919 6.76971
0.316316 -41.8087 6.89617
0.317317 -41.1128 7.02056
0.318318 -40.4046 7.14285
0.319319 -39.6844 7.26299
0.32032 -38.9522 7.38095
0.321321 -38.2083 7.4967
0.322322 -37.4529 7.6102
0.323323 -36.6864 7.72142
0.324324 -35.9088 7.83032
0.325325 -35.1204 7.93687
0.326326 -34.3215 8.04104
0.327327 -33.5123 8.1428
0.328328 -32.6931 8.24212
0.329329 -31.864 8.33896
0.33033 -31.0254 8.4333
0.331331 -30.1775 8.52511
0.332332 -29.3205 8.61437
0.333333 -28.4547 8.70104
0.334334 -27.5804 8.78509
0.335335 -26.6979 8.86652
0.336336 -25.8073 8.94528
0.337337 -24.9089 9.02136
0.338338 -24.0031 9.09473
0.339339 -23.0901 9.16538
0.34034 -22.1702 9.23328
0.341341 -21.2436 9.2984
0.342342 -20.3106 9.36074
0.343343 -19.3716 9.42027
0.344344 -18.4267 9.47697
0.345345 -17.4763 9.53083
0.346346 -16.5207 9.58182
0.347347 -15.5601 9.62995
0.348348 -14.5949 9.67519
0.349349 -13.6252 9.71752
0.35035 -12.6515 9.75694
0.351351 -11.674 9.79343
0.352352 -10.693 9.82698
0.353353 -9.70874 9.85759
0.354354 -8.7216 9.88523
0.355355 -7.73184 9.90992
0.356356 -6.73977 9.93162
0.357357 -5.74567 9.95035
0.358358 -4.74984 9.9661
0.359359 -3.7526 9.97885
0.36036 -2.75422 9.98861
0.361361 -1.75502 9.99538
0.362362 -0.755298 9.99914
0.363363 0.244655 9.99991
0.364364 1.24453 9.99768
0.365365 2.24404 9.99244
0.366366 3.24287 9.98421
0.367367 4.24073 9.97299
0.368368 5.23732 9.95877
0.369369 6.23234 9.94156
0.37037 7.22548 9.92137
0.371371 8.21646 9.89821
0.372372 9.20498 9.87207
0.373373 10.1907 9.84298
0.374374 11.1734 9.81093
0.375375 12.1528 9.77594
0.376376 13.1285 9.73801
0.377377 14.1002 9.69717
0.378378 15.0678 9.65341
0.379379 16.0308 9.60676
0.38038 16.989 9.55723
0.381381 17.9421 9.50483
0.382382 18.8898 9.44958
0.383383 19.8318 9.39149
0.384384 20.7679 9.33058
0.385385 21.6978 9.26688
0.386386 22.6212 9.2004
0.387387 23.5378 9.13115
0.388388 24.4473 9.05917
0.389389 25.3495 8.98447
0.39039 26.244 8.90707
0.391391 27.1307 8.82701
0.392392 28.0093 8.74429
0.393393 28.8795 8.65895
0.394394 29.741 8.57101
0.395395 30.5935 8.4805
0.396396 31.4369 8.38745
0.397397 32.2709 8.29188
0.398398 33.0952 8.19383
0.399399 33.9095 8.09331
0.4004 34.7137 7.99037
0.401401 35.5075 7.88503
0.402402 36.2906 7.77732
0.403403 37.0628 7.66729
0.404404 37.824 7.55495
0.405405 38.5737 7.44034
0.406406 39.3119 7.3235
0.407407 40.0383 7.20447
0.408408 40.7527 7.08327
0.409409 41.4549 6.95995
0.41041 42.1446 6.83455
0.411411 42.8217 6.70709
0.412412 43.4859 6.57762
0.413413 44.1371 6.44617
0.414414 44.775 6.31279
0.415415 45.3996 6.17752
0.416416 46.0105 6.0404
0.417417 46.6075 5.90146
0.418418 47.1907 5.76075
0.419419 47.7596 5.61831
0.42042 48.3142 5.47419
0.421421 48.8544 5.32843
0.422422 49.3798 5.18107
0.423423 49.8905 5.03215
0.424424 50.3862 4.88172
0.425425 50.8668 4.72983
0.426426 51.3321 4.57652
0.427427 51.782 4.42184
0.428428 52.2164 4.26583
0.429429 52.6351 4.10854
0.43043 53.038 3.95002
0.431431 53.4251 3.79031
0.432432 53.796 3.62947
0.433433 54.1509 3.46754
0.434434 54.4895 3.30456
0.435435 54.8118 3.1406
0.436436 55.1176 2.97569
0.437437 55.4069 2.80989
0.438438 55.6795 2.64325
0.439439 55.9355 2.47582
0.44044 56.1746 2.30764
0.441441 56.397 2.13877
0.442442 56.6024 1.96926
0.443443 56.7908 1.79916
0.444444 56.9622 1.62851
0.445445 57.1165 1.45738
0.446446 57.2536 1.28581
0.447447 57.3736 1.11386
0.448448 57.4764 0.941573
0.449449 57.5619 0.769003
0.45045 57.6302 0.596202
0.451451 57.6811 0.423222
0.452452 57.7148 0.250115
0.453453 57.7312 0.0769332
0.454454 57.7302 -0.0962718
0.455455 57.7119 -0.269448
0.456456 57.6763 -0.442543
0.457457 57.6234 -0.615506
0.458458 57.5532 -0.788284
0.459459 57.4658 -0.960825
0.46046 57.3611 -1.13308
0.461461 57.2392 -1.30499
0.462462 57.1001 -1.47651
0.463463 56.9439 -1.64759
0.464464 56.7706 -1.81818
0.465465 56.5803 -1.98822
0.466466 56.373 -2.15766
0.467467 56.1488 -2.32645
0.468468 55.9077 -2.49455
0.469469 55.6499 -2.6619
0.47047 55.3754 -2.82845
0.471471 55.0842 -2.99415
0.472472 54.7766 -3.15896
0.473473 54.4525 -3.32281
0.474474 54.1121 -3.48567
0.475475 53.7554 -3.64748
0.476476 53.3826 -3.8082
0.477477 52.9938 -3.96778
0.478478 52.5891 -4.12617
0.479479 52.1687 -4.28331
0.48048 51.7325 -4.43918
0.481481 51.2809 -4.59371
0.482482 50.8139 -4.74686
0.483483 50.3316 -4.89859
0.484484 49.8342 -5.04885
0.485485 49.3219 -5.1976
0.486486 48.7948 -5.34478
0.487487 48.253 -5.49037
0.488488 47.6968 -5.6343
0.489489 47.1262 -5.77655
0.49049 46.5416 -5.91706
0.491491 45.9429 -6.0558
0.492492 45.3305 -6.19272
0.493493 44.7045 -6.32778
0.494494 44.065 -6.46094
0.495495 43.4124 -6.59217
0.496496 42.7467 -6.72142
0.497497 42.0682 -6.84865
0.498498 41.3771 -6.97383
0.499499 40.6735 -7.09691
0.500501 39.9578 -7.21787
0.501502 39.2301 -7.33666
0.502503 38.4906 -7.45325
0.503504 37.7395 -7.5676
0.504505 36.9772 -7.67969
0.505506 36.2037 -7.78947
0.506507 35.4194 -7.89691
0.507508 34.6244 -8.00198
0.508509 33.8191 -8.10466
0.50951 33.0036 -8.2049
0.510511 32.1783 -8.30268
0.511512 31.3432 -8.39797
0.512513 30.4988 -8.49074
0.513514 29.6452 -8.58096
0.514515 28.7827 -8.66861
0.515516 27.9116 -8.75366
0.516517 27.0321 -8.83608
0.517518 26.1445 -8.91585
0.518519 25.2491 -8.99295
0.51952 24.3461 -9.06734
0.520521 23.4358 -9.13902
0.521522 22.5184 -9.20796
0.522523 21.5943 -9.27413
0.523524 20.6637 -9.33752
0.524525 19.7269 -9.39811
0.525526 18.7842 -9.45589
0.526527 17.8359 -9.51082
0.527528 16.8822 -9.5629
0.528529 15.9235 -9.61211
0.52953 14.9599 -9.65844
0.530531 13.9919 -9.70187
0.531532 13.0197 -9.74239
0.532533 12.0436 -9.77999
0.533534 11.0639 -9.81465
0.534535 10.0808 -9.84637
0.535536 9.09474 -9.87514
0.536537 8.10593 -9.90094
0.537538 7.1147 -9.92378
0.538539 6.12133 -9.94363
0.53954 5.12612 -9.9605
0.540541 4.12938 -9.97439
0.541542 3.13139 -9.98528
0.542543 2.13247 -9.99318
0.543544 1.13291 -9.99807
0.544545 0.133004 -9.99997
0.545546 -0.866938 -9.99887
0.546547 -1.86662 -9.99477
0.547548 -2.86574 -9.98767
0.548549 -3.86401 -9.97758
0.54955 -4.86111 -9.96449
0.550551 -5.85675 -9.94841
0.551552 -6.85064 -9.92935
0.552553 -7.84247 -9.90731
0.553554 -8.83195 -9.88229
0.554555 -9.81878 -9.85432
0.555556 -10.8027 -9.82338
0.556557 -11.7833 -9.7895
0.557558 -12.7604 -9.75268
0.558559 -13.7337 -9.71294
0.55956 -14.7029 -9.67028
0.560561 -15.6676 -9.62472
0.561562 -16.6277 -9.57627
0.562563 -17.5827 -9.52495
0.563564 -18.5325 -9.47078
0.564565 -19.4767 -9.41376
0.565566 -20.4151 -9.35392
0.566567 -21.3474 -9.29127
0.567568 -22.2732 -9.22583
0.568569 -23.1924 -9.15763
0.56957 -24.1046 -9.08668
0.570571 -25.0096 -9.013
0.571572 -25.9071 -8.93662
0.572573 -26.7968 -8.85756
0.573574 -27.6785 -8.77584
0.574575 -28.5518 -8.69149
0.575576 -29.4166 -8.60453
0.576577 -30.2726 -8.51499
0.577578 -31.1195 -8.42289
0.578579 -31.9571 -8.32827
0.57958 -32.785 -8.23115
0.580581 -33.6032 -8.13156
0.581582 -34.4112 -8.02953
0.582583 -35.209 -7.92509
0.583584 -35.9961 -7.81828
0.584585 -36.7725 -7.70912
0.585586 -37.5378 -7.59764
0.586587 -38.2919 -7.48389
0.587588 -39.0345 -7.36789
0.588589 -39.7654 -7.24968
0.58959 -40.4843 -7.1293
0.590591 -41.1911 -7.00678
0.591592 -41.8856 -6.88215
0.592593 -42.5675 -6.75546
0.593594 -43.2366 -6.62675
0.594595 -43.8927 -6.49604
0.595596 -44.5357 -6.36339
0.596597 -45.1653 -6.22883
0.597598 -45.7813 -6.0924
0.598599 -46.3837 -5.95414
0.5996 -46.9721 -5.8141
0.600601 -47.5464 -5.67231
0.601602 -48.1065 -5.52882
0.602603 -48.6521 -5.38367
0.603604 -49.1831 -5.23691
0.604605 -49.6994 -5.08857
0.605606 -50.2008 -4.93871
0.606607 -50.6871 -4.78737
0.607608 -51.1582 -4.63459
0.608609 -51.6139 -4.48042
0.60961 -52.0542 -4.3249
0.610611 -52.4788 -4.16809
0.611612 -52.8877 -4.01003
0.612613 -53.2808 -3.85077
0.613614 -53.6578 -3.69035
0.614615 -54.0188 -3.52882
0.615616 -54.3635 -3.36623
0.616617 -54.692 -3.20264
0.617618 -55.004 -3.03808
0.618619 -55.2996 -2.87261
0.61962 -55.5785 -2.70628
0.620621 -55.8408 -2.53914
0.621622 -56.0863 -2.37124
0.622623 -56.315 -2.20263
0.623624 -56.5268 -2.03335
0.624625 -56.7216 -1.86346
0.625626 -56.8994 -1.69302
0.626627 -57.0602 -1.52207
0.627628 -57.2038 -1.35066
0.628629 -57.3303 -1.17884
0.62963 -57.4396 -1.00668
0.630631 -57.5316 -0.834207
0.631632 -57.6064 -0.661487
0.632633 -57.6639 -0.488569
0.633634 -57.7041 -0.315504
0.634635 -57.727 -0.142344
0.635636 -57.7326 0.0308582
0.636637 -57.7208 0.204051
0.637638 -57.6918 0.377183
0.638639 -57.6454 0.550202
0.63964 -57.5817 0.723056
0.640641 -57.5008 0.895693
0.641642 -57.4026 1.06806
0.642643 -57.2872 1.24011
0.643644 -57.1546 1.41178
0.644645 -57.0049 1.58304
0.645646 -56.838 1.75381
0.646647 -56.6541 1.92406
0.647648 -56.4533 2.09374
0.648649 -56.2354 2.26278
0.64965 -56.0007 2.43115
0.650651 -55.7492 2.59879
0.651652 -55.481 2.76565
0.652653 -55.1961 2.93167
0.653654 -54.8947 3.09682
0.654655 -54.5768 3.26104
0.655656 -54.2426 3.42428
0.656657 -53.892 3.5865
0.657658 -53.5253 3.74764
0.658659 -53.1426 3.90765
0.65966 -52.7438 4.06649
0.660661 -52.3293 4.22411
0.661662 -51.8991 4.38047
0.662663 -51.4533 4.53551
0.663664 -50.9921 4.68919
0.664665 -50.5155 4.84146
0.665666 -50.0238 4.99228
0.666667 -49.5171 5.1416
0.667668 -48.9956 5.28938
0.668669 -48.4593 5.43558
0.66967 -47.9086 5.58014
0.670671 -47.3434 5.72303
0.671672 -46.764 5.8642
0.672673 -46.1706 6.00361
0.673674 -45.5634 6.14122
0.674675 -44.9425 6.27699
0.675676 -44.3081 6.41088
0.676677 -43.6604 6.54284
0.677678 -42.9996 6.67284
0.678679 -42.3259 6.80084
0.67968 -41.6396 6.9268
0.680681 -40.9407 7.05068
0.681682 -40.2295 7.17244
0.682683 -39.5063 7.29205
0.683684 -38.7712 7.40948
0.684685 -38.0245 7.52468
0.685686 -37.2664 7.63763
0.686687 -36.4971 7.74828
0.687688 -35.7169 7.85661
0.688689 -34.9259 7.96258
0.68969 -34.1245 8.06616
0.690691 -33.3128 8.16733
0.691692 -32.4911 8.26604
0.692693 -31.6597 8.36227
0.693694 -30.8188 8.456
0.694695 -29.9686 8.54719
0.695696 -29.1095 8.63581
0.696697 -28.2416 8.72184
0.697698 -27.3653 8.80526
0.698699 -26.4807 8.88603
0.6997 -25.5882 8.96414
0.700701 -24.688 9.03956
0.701702 -23.7804 9.11227
0.702703 -22.8657 9.18225
0.703704 -21.9441 9.24947
0.704705 -21.0159 9.31391
0.705706 -20.0814 9.37556
0.706707 -19.141 9.4344
0.707708 -18.1947 9.49041
0.708709 -17.243 9.54357
0.70971 -16.2861 9.59387
0.710711 -15.3244 9.64128
0.711712 -14.358 9.68581
0.712713 -13.3874 9.72743
0.713714 -12.4127 9.76614
0.714715 -11.4343 9.80191
0.715716 -10.4525 9.83474
0.716717 -9.46748 9.86462
0.717718 -8.47968 9.89155
0.718719 -7.48932 9.9155
0.71972 -6.49672 9.93648
0.720721 -5.50218 9.95448
0.721722 -4.50598 9.9695
0.722723 -3.50843 9.98152
0.723724 -2.50982 9.99055
0.724725 -1.51047 9.99658
0.725726 -0.510657 9.99961
0.726727 0.489305 9.99964
0.727728 1.48912 9.99667
0.728729 2.48849 9.99071
0.72973 3.48711 9.98174
0.730731 4.48469 9.96978
0.731732 5.48092 9.95483
0.732733 6.47551 9.9369
0.733734 7.46815 9.91598
0.734735 8.45855 9.89209
0.735736 9.44642 9.86523
0.736737 10.4315 9.83541
0.737738 11.4134 9.80264
0.738739 12.3918 9.76693
0.73974 13.3666 9.72829
0.740741 14.3373 9.68673
0.741742 15.3038 9.64227
0.742743 16.2657 9.59491
0.743744 17.2226 9.54467
0.744745 18.1744 9.49157
0.745746 19.1208 9.43563
0.746747 20.0614 9.37685
0.747748 20.996 9.31526
0.748749 21.9243 9.25087
0.74975 22.8461 9.18371
0.750751 23.7609 9.11379
0.751752 24.6687 9.04114
0.752753 25.569 8.96578
0.753754 26.4617 8.88773
0.754755 27.3465 8.80701
0.755756 28.223 8.72365
0.756757 29.091 8.63767
0.757758 29.9504 8.54911
0.758759 30.8007 8.45797
0.75976 31.6419 8.3643
0.760761 32.4735 8.26812
0.761762 33.2954 8.16946
0.762763 34.1072 8.06835
0.763764 34.9089 7.96482
0.764765 35.7001 7.8589
0.765766 36.4806 7.75062
0.766767 37.2501 7.64001
0.767768 38.0085 7.52712
0.768769 38.7554 7.41196
0.76977 39.4907 7.29458
0.770771 40.2142 7.17502
0.771772 40.9256 7.0533
0.772773 41.6248 6.92946
0.773774 42.3114 6.80355
0.774775 42.9854 6.67559
0.775776 43.6464 6.54564
0.776777 44.2944 6.41372
0.777778 44.9291 6.27987
0.778779 45.5503 6.14414
0.77978 46.1578 6.00657
0.780781 46.7515 5.86719
0.781782 47.3312 5.72606
0.782783 47.8966 5.58321
0.783784 48.4477 5.43868
0.784785 48.9843 5.29252
0.785786 49.5062 5.14477
0.786787 50.0132 4.99548
0.787788 50.5052 4.8447
0.788789 50.982 4.69245
0.78979 51.4436 4.5388
0.790791 51.8897 4.38379
0.791792 52.3203 4.22746
0.792793 52.7352 4.06987
0.793794 53.1342 3.91105
0.794795 53.5173 3.75106
0.795796 53.8844 3.58995
0.796797 54.2352 3.42776
0.797798 54.5699 3.26454
0.798799 54.8881 3.10034
0.7998 55.1899 2.93521
0.800801 55.4751 2.7692
0.801802 55.7437 2.60236
0.802803 55.9955 2.43474
0.803804 56.2306 2.26639
0.804805 56.4488 2.09735
0.805806 56.65 1.92769
0.806807 56.8343 1.75745
0.807808 57.0015 1.58669
0.808809 57.1516 1.41545
0.80981 57.2846 1.24378
0.810811 57.4003 1.07174
0.811812 57.4989 0.899376
0.812813 57.5802 0.726744
0.813814 57.6442 0.553895
0.814815 57.691 0.380879
0.815816 57.7204 0.207749
0.816817 57.7325 0.0345567
0.817818 57.7273 -0.138646
0.818819 57.7048 -0.311807
0.81982 57.665 -0.484875
0.820821 57.6078 -0.657797
0.821822 57.5334 -0.830522
0.822823 57.4417 -1.003
0.823824 57.3328 -1.17517
0.824825 57.2067 -1.34699
0.825826 57.0634 -1.51841
0.826827 56.9031 -1.68937
0.827828 56.7256 -1.85983
0.828829 56.5311 -2.02973
0.82983 56.3197 -2.19902
0.830831 56.0913 -2.36765
0.831832 55.8462 -2.53557
0.832833 55.5843 -2.70272
0.833834 55.3057 -2.86907
0.834835 55.0105 -3.03456
0.835836 54.6988 -3.19913
0.836837 54.3707 -3.36275
0.837838 54.0263 -3.52536
0.838839 53.6657 -3.68691
0.83984 53.289 -3.84735
0.840841 52.8963 -4.00664
0.841842 52.4877 -4.16473
0.842843 52.0634 -4.32157
0.843844 51.6235 -4.47711
0.844845 51.168 -4.63131
0.845846 50.6973 -4.78412
0.846847 50.2113 -4.93549
0.847848 49.7103 -5.08539
0.848849 49.1943 -5.23375
0.84985 48.6636 -5.38055
0.850851 48.1183 -5.52574
0.851852 47.5585 -5.66926
0.852853 46.9845 -5.81109
0.853854 46.3964 -5.95117
0.854855 45.7944 -6.08947
0.855856 45.1786 -6.22594
0.856857 44.5493 -6.36054
0.857858 43.9066 -6.49323
0.858859 43.2507 -6.62398
0.85986 42.5819 -6.75274
0.860861 41.9003 -6.87947
0.861862 41.2061 -7.00414
0.862863 40.4995 -7.1267
0.863864 39.7809 -7.24713
0.864865 39.0502 -7.36539
0.865866 38.3079 -7.48144
0.866867 37.5541 -7.59524
0.867868 36.789 -7.70676
0.868869 36.0128 -7.81597
0.86987 35.2259 -7.92284
0.870871 34.4284 -8.02733
0.871872 33.6205 -8.12941
0.872873 32.8026 -8.22905
0.873874 31.9748 -8.32622
0.874875 31.1375 -8.4209
0.875876 30.2908 -8.51305
0.876877 29.435 -8.60264
0.877878 28.5704 -8.68966
0.878879 27.6972 -8.77407
0.87988 26.8157 -8.85584
0.880881 25.9262 -8.93496
0.881882 25.0289 -9.0114
0.882883 24.124 -9.08513
0.883884 23.212 -9.15614
0.884885 22.2929 -9.2244
0.885886 21.3672 -9.2899
0.886887 20.4351 -9.35261
0.887888 19.4968 -9.41251
0.888889 18.5527 -9.46959
0.88989 17.6031 -9.52383
0.890891 16.6481 -9.57521
0.891892 15.6882 -9.62372
0.892893 14.7235 -9.66934
0.893894 13.7544 -9.71206
0.894895 12.7812 -9.75186
0.895896 11.8042 -9.78874
0.896897 10.8236 -9.82269
0.897898 9.83983 -9.85369
0.898899 8.85305 -9.88173
0.8999 7.86363 -9.9068
0.900901 6.87184 -9.92891
0.901902 5.878 -9.94803
0.902903 4.88238 -9.96418
0.903904 3.88531 -9.97733
0.904905 2.88707 -9.98749
0.905906 1.88796 -9.99465
0.906907 0.888288 -9.99882
0.907908 -0.111652 -9.99998
0.908909 -1.11156 -9.99815
0.90991 -2.11113 -9.99331
0.910911 -3.11007 -9.98548
0.911912 -4.10808 -9.97465
0.912913 -5.10485 -9.96083
0.913914 -6.10009 -9.94402
0.914915 -7.09351 -9.92423
0.915916 -8.08479 -9.90146
0.916917 -9.07365 -9.87572
0.917918 -10.0598 -9.84702
0.918919 -11.0429 -9.81536
0.91992 -12.0227 -9.78076
0.920921 -12.9989 -9.74323
0.921922 -13.9712 -9.70277
0.922923 -14.9393 -9.6594
0.923924 -15.9029 -9.61313
0.924925 -16.8618 -9.56398
0.925926 -17.8156 -9.51196
0.926927 -18.7641 -9.45709
0.927928 -19.7069 -9.39938
0.928929 -20.6438 -9.33885
0.92993 -21.5745 -9.27551
0.930931 -22.4988 -9.2094
0.931932 -23.4162 -9.14052
0.932933 -24.3267 -9.0689
0.933934 -25.2299 -8.99456
0.934935 -26.1255 -8.91752
0.935936 -27.0133 -8.83781
0.936937 -27.8929 -8.75544
0.937938 -28.7642 -8.67045
0.938939 -29.6269 -8.58286
0.93994 -30.4807 -8.49269
0.940941 -31.3253 -8.39997
0.941942 -32.1605 -8.30474
0.942943 -32.9861 -8.20701
0.943944 -33.8018 -8.10682
0.944945 -34.6074 -8.0042
0.945946 -35.4025 -7.89918
0.946947 -36.1871 -7.79179
0.947948 -36.9608 -7.68206
0.948949 -37.7234 -7.57002
0.94995 -38.4747 -7.45571
0.950951 -39.2144 -7.33917
0.951952 -39.9424 -7.22043
0.952953 -40.6584 -7.09952
0.953954 -41.3622 -6.97648
0.954955 -42.0536 -6.85135
0.955956 -42.7323 -6.72416
0.956957 -43.3983 -6.59495
0.957958 -44.0512 -6.46377
0.958959 -44.691 -6.33064
0.95996 -45.3173 -6.19562
0.960961 -45.93 -6.05874
0.961962 -46.5289 -5.92004
0.962963 -47.1139 -5.77957
0.963964 -47.6848 -5.63736
0.964965 -48.2413 -5.49346
0.965966 -48.7834 -5.34791
0.966967 -49.3108 -5.20076
0.967968 -49.8234 -5.05205
0.968969 -50.3211 -4.90182
0.96997 -50.8037 -4.75012
0.970971 -51.2711 -4.59699
0.971972 -51.7231 -4.44249
0.972973 -52.1595 -4.28666
0.973974 -52.5803 -4.12953
0.974975 -52.9854 -3.97117
0.975976 -53.3745 -3.81162
0.976977 -53.7476 -3.65093
0.977978 -54.1046 -3.48914
0.978979 -54.4454 -3.3263
0.97998 -54.7698 -3.16246
0.980981 -55.0778 -2.99768
0.981982 -55.3693 -2.832
0.982983 -55.6442 -2.66546
0.983984 -55.9024 -2.49813
0.984985 -56.1438 -2.33005
0.985986 -56.3684 -2.16127
0.986987 -56.576 -1.99184
0.987988 -56.7667 -1.82181
0.988989 -56.9404 -1.65124
0.98999 -57.0969 -1.48017
0.990991 -57.2364 -1.30866
0.991992 -57.3586 -1.13675
0.992993 -57.4637 -0.964506
0.993994 -57.5515 -0.791971
0.994995 -57.6221 -0.619197
0.995996 -57.6754 -0.446238
0.996997 -57.7113 -0.273145
0.997998 -57.73 -0.0999701
0.998999 -57.7313 0.0732348
1 -57.7153 0.246418
